Carrier|Service|Container Type|Weight Not Over Oz|Cost Zone 1|Cost Zone 2|Cost Zone 3|Cost Zone 4|Cost Zone 5|Cost Zone 6|Cost Zone 7|Cost Zone 8|Cost Zone 9|Cost Zone Ddu|Cost Zone Scf|Cost Zone Ndc|Cost Zone Ddu Out 48|Cost Zone Scf Out 48|Cost Zone Ndc Out 48|Charge Zone 1|Charge Zone 2|Charge Zone 3|Charge Zone 4|Charge Zone 5|Charge Zone 6|Charge Zone 7|Charge Zone 8|Charge Zone 9|Charge Zone Ddu|Charge Zone Scf|Charge Zone Ndc|Charge Zone Ddu Out 48|Charge Zone Scf Out 48|Charge Zone Ndc Out 48
FEDEX|PRIORITY_OVERNIGHT|PACKAGE|32000|0|0|0|0|0|0|0|0|0|0|0|0|0|0|0|0.24|0.24|0.24|0.24|0.24|0.24|0.24|0.24|0.24|0|0|0|0|0|0
UPS|GROUND|PACKAGE|32000|0|0|0|0|0|0|0|0|0|0|0|0|0|0|0|0.24|0.24|0.24|0.24|0.24|0.24|0.24|0.24|0.24|0|0|0|0|0|0
UPS|NEXT_DAY_AIR|PACKAGE|32000|0|0|0|0|0|0|0|0|0|0|0|0|0|0|0|0.24|0.24|0.24|0.24|0.24|0.24|0.24|0.24|0.24|0|0|0|0|0|0
UPS|NEXT_DAY_AIR_SAVER|PACKAGE|32000|0|0|0|0|0|0|0|0|0|0|0|0|0|0|0|0.24|0.24|0.24|0.24|0.24|0.24|0.24|0.24|0.24|0|0|0|0|0|0
UPS|SECOND_DAY_AIR|PACKAGE|32000|0|0|0|0|0|0|0|0|0|0|0|0|0|0|0|0.24|0.24|0.24|0.24|0.24|0.24|0.24|0.24|0.24|0|0|0|0|0|0
USPS|EXPRESS_MAIL|PACKAGE|8|0|0|0|0|0|0|0|0|0|0|0|0|0|0|0|0|0|0|0|0|0|0|0|0|0|0|0|0|0|0
USPS|EXPRESS_MAIL|PACKAGE|16|0|0|0|0|0|0|0|0|0|0|0|0|0|0|0|0|0|0|0|0|0|0|0|0|0|0|0|0|0|0
USPS|EXPRESS_MAIL|PACKAGE|32|0|0|0|0|0|0|0|0|0|0|0|0|0|0|0|0|0|0|0|0|0|0|0|0|0|0|0|0|0|0
USPS|EXPRESS_MAIL|PACKAGE|48|0|0|0|0|0|0|0|0|0|0|0|0|0|0|0|0|0|0|0|0|0|0|0|0|0|0|0|0|0|0
USPS|EXPRESS_MAIL|PACKAGE|64|0|0|0|0|0|0|0|0|0|0|0|0|0|0|0|0|0|0|0|0|0|0|0|0|0|0|0|0|0|0
USPS|EXPRESS_MAIL|PACKAGE|80|0|0|0|0|0|0|0|0|0|0|0|0|0|0|0|0|0|0|0|0|0|0|0|0|0|0|0|0|0|0
USPS|EXPRESS_MAIL|PACKAGE|96|0|0|0|0|0|0|0|0|0|0|0|0|0|0|0|0|0|0|0|0|0|0|0|0|0|0|0|0|0|0
USPS|EXPRESS_MAIL|PACKAGE|112|0|0|0|0|0|0|0|0|0|0|0|0|0|0|0|0|0|0|0|0|0|0|0|0|0|0|0|0|0|0
USPS|EXPRESS_MAIL|PACKAGE|128|0|0|0|0|0|0|0|0|0|0|0|0|0|0|0|0|0|0|0|0|0|0|0|0|0|0|0|0|0|0
USPS|EXPRESS_MAIL|PACKAGE|144|0|0|0|0|0|0|0|0|0|0|0|0|0|0|0|0|0|0|0|0|0|0|0|0|0|0|0|0|0|0
USPS|EXPRESS_MAIL|PACKAGE|160|0|0|0|0|0|0|0|0|0|0|0|0|0|0|0|0|0|0|0|0|0|0|0|0|0|0|0|0|0|0
USPS|EXPRESS_MAIL|PACKAGE|176|0|0|0|0|0|0|0|0|0|0|0|0|0|0|0|0|0|0|0|0|0|0|0|0|0|0|0|0|0|0
USPS|EXPRESS_MAIL|PACKAGE|192|0|0|0|0|0|0|0|0|0|0|0|0|0|0|0|0|0|0|0|0|0|0|0|0|0|0|0|0|0|0
USPS|EXPRESS_MAIL|PACKAGE|208|0|0|0|0|0|0|0|0|0|0|0|0|0|0|0|0|0|0|0|0|0|0|0|0|0|0|0|0|0|0
USPS|EXPRESS_MAIL|PACKAGE|224|0|0|0|0|0|0|0|0|0|0|0|0|0|0|0|0|0|0|0|0|0|0|0|0|0|0|0|0|0|0
USPS|EXPRESS_MAIL|PACKAGE|240|0|0|0|0|0|0|0|0|0|0|0|0|0|0|0|0|0|0|0|0|0|0|0|0|0|0|0|0|0|0
USPS|EXPRESS_MAIL|PACKAGE|256|0|0|0|0|0|0|0|0|0|0|0|0|0|0|0|0|0|0|0|0|0|0|0|0|0|0|0|0|0|0
USPS|EXPRESS_MAIL|PACKAGE|272|0|0|0|0|0|0|0|0|0|0|0|0|0|0|0|0|0|0|0|0|0|0|0|0|0|0|0|0|0|0
USPS|EXPRESS_MAIL|PACKAGE|288|0|0|0|0|0|0|0|0|0|0|0|0|0|0|0|0|0|0|0|0|0|0|0|0|0|0|0|0|0|0
USPS|EXPRESS_MAIL|PACKAGE|304|0|0|0|0|0|0|0|0|0|0|0|0|0|0|0|0|0|0|0|0|0|0|0|0|0|0|0|0|0|0
USPS|EXPRESS_MAIL|PACKAGE|320|0|0|0|0|0|0|0|0|0|0|0|0|0|0|0|0|0|0|0|0|0|0|0|0|0|0|0|0|0|0
USPS|EXPRESS_MAIL|PACKAGE|336|0|0|0|0|0|0|0|0|0|0|0|0|0|0|0|0|0|0|0|0|0|0|0|0|0|0|0|0|0|0
USPS|EXPRESS_MAIL|PACKAGE|352|0|0|0|0|0|0|0|0|0|0|0|0|0|0|0|0|0|0|0|0|0|0|0|0|0|0|0|0|0|0
USPS|EXPRESS_MAIL|PACKAGE|368|0|0|0|0|0|0|0|0|0|0|0|0|0|0|0|0|0|0|0|0|0|0|0|0|0|0|0|0|0|0
USPS|EXPRESS_MAIL|PACKAGE|384|0|0|0|0|0|0|0|0|0|0|0|0|0|0|0|0|0|0|0|0|0|0|0|0|0|0|0|0|0|0
USPS|EXPRESS_MAIL|PACKAGE|400|0|0|0|0|0|0|0|0|0|0|0|0|0|0|0|0|0|0|0|0|0|0|0|0|0|0|0|0|0|0
USPS|EXPRESS_MAIL|PACKAGE|416|0|0|0|0|0|0|0|0|0|0|0|0|0|0|0|0|0|0|0|0|0|0|0|0|0|0|0|0|0|0
USPS|EXPRESS_MAIL|PACKAGE|432|0|0|0|0|0|0|0|0|0|0|0|0|0|0|0|0|0|0|0|0|0|0|0|0|0|0|0|0|0|0
USPS|EXPRESS_MAIL|PACKAGE|448|0|0|0|0|0|0|0|0|0|0|0|0|0|0|0|0|0|0|0|0|0|0|0|0|0|0|0|0|0|0
USPS|EXPRESS_MAIL|PACKAGE|464|0|0|0|0|0|0|0|0|0|0|0|0|0|0|0|0|0|0|0|0|0|0|0|0|0|0|0|0|0|0
USPS|EXPRESS_MAIL|PACKAGE|480|0|0|0|0|0|0|0|0|0|0|0|0|0|0|0|0|0|0|0|0|0|0|0|0|0|0|0|0|0|0
USPS|EXPRESS_MAIL|PACKAGE|496|0|0|0|0|0|0|0|0|0|0|0|0|0|0|0|0|0|0|0|0|0|0|0|0|0|0|0|0|0|0
USPS|EXPRESS_MAIL|PACKAGE|512|0|0|0|0|0|0|0|0|0|0|0|0|0|0|0|0|0|0|0|0|0|0|0|0|0|0|0|0|0|0
USPS|EXPRESS_MAIL|PACKAGE|528|0|0|0|0|0|0|0|0|0|0|0|0|0|0|0|0|0|0|0|0|0|0|0|0|0|0|0|0|0|0
USPS|EXPRESS_MAIL|PACKAGE|544|0|0|0|0|0|0|0|0|0|0|0|0|0|0|0|0|0|0|0|0|0|0|0|0|0|0|0|0|0|0
USPS|EXPRESS_MAIL|PACKAGE|560|0|0|0|0|0|0|0|0|0|0|0|0|0|0|0|0|0|0|0|0|0|0|0|0|0|0|0|0|0|0
USPS|EXPRESS_MAIL|PACKAGE|576|0|0|0|0|0|0|0|0|0|0|0|0|0|0|0|0|0|0|0|0|0|0|0|0|0|0|0|0|0|0
USPS|EXPRESS_MAIL|PACKAGE|592|0|0|0|0|0|0|0|0|0|0|0|0|0|0|0|0|0|0|0|0|0|0|0|0|0|0|0|0|0|0
USPS|EXPRESS_MAIL|PACKAGE|608|0|0|0|0|0|0|0|0|0|0|0|0|0|0|0|0|0|0|0|0|0|0|0|0|0|0|0|0|0|0
USPS|EXPRESS_MAIL|PACKAGE|624|0|0|0|0|0|0|0|0|0|0|0|0|0|0|0|0|0|0|0|0|0|0|0|0|0|0|0|0|0|0
USPS|EXPRESS_MAIL|PACKAGE|640|0|0|0|0|0|0|0|0|0|0|0|0|0|0|0|0|0|0|0|0|0|0|0|0|0|0|0|0|0|0
USPS|EXPRESS_MAIL|PACKAGE|656|0|0|0|0|0|0|0|0|0|0|0|0|0|0|0|0|0|0|0|0|0|0|0|0|0|0|0|0|0|0
USPS|EXPRESS_MAIL|PACKAGE|672|0|0|0|0|0|0|0|0|0|0|0|0|0|0|0|0|0|0|0|0|0|0|0|0|0|0|0|0|0|0
USPS|EXPRESS_MAIL|PACKAGE|688|0|0|0|0|0|0|0|0|0|0|0|0|0|0|0|0|0|0|0|0|0|0|0|0|0|0|0|0|0|0
USPS|EXPRESS_MAIL|PACKAGE|704|0|0|0|0|0|0|0|0|0|0|0|0|0|0|0|0|0|0|0|0|0|0|0|0|0|0|0|0|0|0
USPS|EXPRESS_MAIL|PACKAGE|720|0|0|0|0|0|0|0|0|0|0|0|0|0|0|0|0|0|0|0|0|0|0|0|0|0|0|0|0|0|0
USPS|EXPRESS_MAIL|PACKAGE|736|0|0|0|0|0|0|0|0|0|0|0|0|0|0|0|0|0|0|0|0|0|0|0|0|0|0|0|0|0|0
USPS|EXPRESS_MAIL|PACKAGE|752|0|0|0|0|0|0|0|0|0|0|0|0|0|0|0|0|0|0|0|0|0|0|0|0|0|0|0|0|0|0
USPS|EXPRESS_MAIL|PACKAGE|768|0|0|0|0|0|0|0|0|0|0|0|0|0|0|0|0|0|0|0|0|0|0|0|0|0|0|0|0|0|0
USPS|EXPRESS_MAIL|PACKAGE|784|0|0|0|0|0|0|0|0|0|0|0|0|0|0|0|0|0|0|0|0|0|0|0|0|0|0|0|0|0|0
USPS|EXPRESS_MAIL|PACKAGE|800|0|0|0|0|0|0|0|0|0|0|0|0|0|0|0|0|0|0|0|0|0|0|0|0|0|0|0|0|0|0
USPS|EXPRESS_MAIL|PACKAGE|816|0|0|0|0|0|0|0|0|0|0|0|0|0|0|0|0|0|0|0|0|0|0|0|0|0|0|0|0|0|0
USPS|EXPRESS_MAIL|PACKAGE|832|0|0|0|0|0|0|0|0|0|0|0|0|0|0|0|0|0|0|0|0|0|0|0|0|0|0|0|0|0|0
USPS|EXPRESS_MAIL|PACKAGE|848|0|0|0|0|0|0|0|0|0|0|0|0|0|0|0|0|0|0|0|0|0|0|0|0|0|0|0|0|0|0
USPS|EXPRESS_MAIL|PACKAGE|864|0|0|0|0|0|0|0|0|0|0|0|0|0|0|0|0|0|0|0|0|0|0|0|0|0|0|0|0|0|0
USPS|EXPRESS_MAIL|PACKAGE|880|0|0|0|0|0|0|0|0|0|0|0|0|0|0|0|0|0|0|0|0|0|0|0|0|0|0|0|0|0|0
USPS|EXPRESS_MAIL|PACKAGE|896|0|0|0|0|0|0|0|0|0|0|0|0|0|0|0|0|0|0|0|0|0|0|0|0|0|0|0|0|0|0
USPS|EXPRESS_MAIL|PACKAGE|912|0|0|0|0|0|0|0|0|0|0|0|0|0|0|0|0|0|0|0|0|0|0|0|0|0|0|0|0|0|0
USPS|EXPRESS_MAIL|PACKAGE|928|0|0|0|0|0|0|0|0|0|0|0|0|0|0|0|0|0|0|0|0|0|0|0|0|0|0|0|0|0|0
USPS|EXPRESS_MAIL|PACKAGE|944|0|0|0|0|0|0|0|0|0|0|0|0|0|0|0|0|0|0|0|0|0|0|0|0|0|0|0|0|0|0
USPS|EXPRESS_MAIL|PACKAGE|960|0|0|0|0|0|0|0|0|0|0|0|0|0|0|0|0|0|0|0|0|0|0|0|0|0|0|0|0|0|0
USPS|EXPRESS_MAIL|PACKAGE|976|0|0|0|0|0|0|0|0|0|0|0|0|0|0|0|0|0|0|0|0|0|0|0|0|0|0|0|0|0|0
USPS|EXPRESS_MAIL|PACKAGE|992|0|0|0|0|0|0|0|0|0|0|0|0|0|0|0|0|0|0|0|0|0|0|0|0|0|0|0|0|0|0
USPS|EXPRESS_MAIL|PACKAGE|1008|0|0|0|0|0|0|0|0|0|0|0|0|0|0|0|0|0|0|0|0|0|0|0|0|0|0|0|0|0|0
USPS|EXPRESS_MAIL|PACKAGE|1024|0|0|0|0|0|0|0|0|0|0|0|0|0|0|0|0|0|0|0|0|0|0|0|0|0|0|0|0|0|0
USPS|EXPRESS_MAIL|PACKAGE|1040|0|0|0|0|0|0|0|0|0|0|0|0|0|0|0|0|0|0|0|0|0|0|0|0|0|0|0|0|0|0
USPS|EXPRESS_MAIL|PACKAGE|1056|0|0|0|0|0|0|0|0|0|0|0|0|0|0|0|0|0|0|0|0|0|0|0|0|0|0|0|0|0|0
USPS|EXPRESS_MAIL|PACKAGE|1072|0|0|0|0|0|0|0|0|0|0|0|0|0|0|0|0|0|0|0|0|0|0|0|0|0|0|0|0|0|0
USPS|EXPRESS_MAIL|PACKAGE|1088|0|0|0|0|0|0|0|0|0|0|0|0|0|0|0|0|0|0|0|0|0|0|0|0|0|0|0|0|0|0
USPS|EXPRESS_MAIL|PACKAGE|1104|0|0|0|0|0|0|0|0|0|0|0|0|0|0|0|0|0|0|0|0|0|0|0|0|0|0|0|0|0|0
USPS|EXPRESS_MAIL|PACKAGE|1120|0|0|0|0|0|0|0|0|0|0|0|0|0|0|0|0|0|0|0|0|0|0|0|0|0|0|0|0|0|0
USPS|FIRST_CLASS|PACKAGE|1|2.57|2.57|2.57|2.57|2.57|2.57|2.57|2.57|2.57|0|0|0|0|0|0|2.78|2.78|2.78|2.78|2.78|2.78|2.78|2.78|2.78|0|0|0|0|0|0
USPS|FIRST_CLASS|PACKAGE|2|2.69|2.69|2.69|2.69|2.69|2.69|2.69|2.69|2.69|0|0|0|0|0|0|2.91|2.91|2.91|2.91|2.91|2.91|2.91|2.91|2.91|0|0|0|0|0|0
USPS|FIRST_CLASS|PACKAGE|3|2.74|2.74|2.74|2.74|2.74|2.74|2.74|2.74|2.74|0|0|0|0|0|0|3|3|3|3|3|3|3|3|3|0|0|0|0|0|0
USPS|FIRST_CLASS|PACKAGE|4|2.74|2.74|2.74|2.74|2.74|2.74|2.74|2.74|2.74|0|0|0|0|0|0|3|3|3|3|3|3|3|3|3|0|0|0|0|0|0
USPS|FIRST_CLASS|PACKAGE|5|2.87|2.87|2.87|2.87|2.87|2.87|2.87|2.87|2.87|0|0|0|0|0|0|3.12|3.12|3.12|3.12|3.12|3.12|3.12|3.12|3.12|0|0|0|0|0|0
USPS|FIRST_CLASS|PACKAGE|6|3.01|3.01|3.01|3.01|3.01|3.01|3.01|3.01|3.01|0|0|0|0|0|0|3.26|3.26|3.26|3.26|3.26|3.26|3.26|3.26|3.26|0|0|0|0|0|0
USPS|FIRST_CLASS|PACKAGE|7|3.14|3.14|3.14|3.14|3.14|3.14|3.14|3.14|3.14|0|0|0|0|0|0|3.39|3.39|3.39|3.39|3.39|3.39|3.39|3.39|3.39|0|0|0|0|0|0
USPS|FIRST_CLASS|PACKAGE|8|3.28|3.28|3.28|3.28|3.28|3.28|3.28|3.28|3.28|0|0|0|0|0|0|3.53|3.53|3.53|3.53|3.53|3.53|3.53|3.53|3.53|0|0|0|0|0|0
USPS|FIRST_CLASS|PACKAGE|9|3.44|3.44|3.44|3.44|3.44|3.44|3.44|3.44|3.44|0|0|0|0|0|0|3.68|3.68|3.68|3.68|3.68|3.68|3.68|3.68|3.68|0|0|0|0|0|0
USPS|FIRST_CLASS|PACKAGE|10|3.56|3.56|3.56|3.56|3.56|3.56|3.56|3.56|3.56|0|0|0|0|0|0|3.75|3.75|3.75|3.75|3.75|3.75|3.75|3.75|3.75|0|0|0|0|0|0
USPS|FIRST_CLASS|PACKAGE|11|3.67|3.67|3.67|3.67|3.67|3.67|3.67|3.67|3.67|0|0|0|0|0|0|3.84|3.84|3.84|3.84|3.84|3.84|3.84|3.84|3.84|0|0|0|0|0|0
USPS|FIRST_CLASS|PACKAGE|12|3.77|3.77|3.77|3.77|3.77|3.77|3.77|3.77|3.77|0|0|0|0|0|0|3.92|3.92|3.92|3.92|3.92|3.92|3.92|3.92|3.92|0|0|0|0|0|0
USPS|FIRST_CLASS|PACKAGE|13|3.89|3.89|3.89|3.89|3.89|3.89|3.89|3.89|3.89|0|0|0|0|0|0|4.04|4.04|4.04|4.04|4.04|4.04|4.04|4.04|4.04|0|0|0|0|0|0
USPS|FIRST_CLASS|PACKAGE|14|4|4|4|4|4|4|4|4|4|0|0|0|0|0|0|4.15|4.15|4.15|4.15|4.15|4.15|4.15|4.15|4.15|0|0|0|0|0|0
USPS|FIRST_CLASS|PACKAGE|15|4.1|4.1|4.1|4.1|4.1|4.1|4.1|4.1|4.1|0|0|0|0|0|0|4.25|4.25|4.25|4.25|4.25|4.25|4.25|4.25|4.25|0|0|0|0|0|0
USPS|FIRST_CLASS|PACKAGE|16|4.21|4.21|4.21|4.21|4.21|4.21|4.21|4.21|4.21|0|0|0|0|0|0|4.35|4.35|4.35|4.35|4.35|4.35|4.35|4.35|4.35|0|0|0|0|0|0
USPS|PRIORITY_MAIL|PACKAGE|8|5.13|5.13|5.48|5.56|5.63|6.44|6.58|6.8|16.39|0|0|0|0|0|0|5.37|5.37|5.72|5.8|5.87|6.68|6.82|7.04|16.63|0|0|0|0|0|0
USPS|PRIORITY_MAIL|PACKAGE|16|5.13|5.13|5.48|5.56|5.63|6.44|6.58|6.8|16.39|0|0|0|0|0|0|5.37|5.37|5.72|5.8|5.87|6.68|6.82|7.04|16.63|0|0|0|0|0|0
USPS|PRIORITY_MAIL|PACKAGE|32|5.56|5.56|5.67|5.8|6.38|8.3|9.01|9.45|25.08|0|0|0|0|0|0|5.8|5.8|5.91|6.04|6.62|8.54|9.25|9.69|25.32|0|0|0|0|0|0
USPS|PRIORITY_MAIL|PACKAGE|48|5.63|5.63|6.01|6.63|7.24|10.64|11.51|13.42|34.03|0|0|0|0|0|0|5.87|5.87|6.25|6.87|7.48|10.88|11.75|13.66|34.27|0|0|0|0|0|0
USPS|PRIORITY_MAIL|PACKAGE|64|5.73|5.73|6.3|6.8|8.09|12.39|14.06|15.88|40.97|0|0|0|0|0|0|5.97|5.97|6.54|7.04|8.33|12.63|14.3|16.12|41.21|0|0|0|0|0|0
USPS|PRIORITY_MAIL|PACKAGE|80|5.8|5.8|6.59|7.33|8.33|14.13|16.16|18.39|47.68|0|0|0|0|0|0|6.04|6.04|6.83|7.57|8.57|14.37|16.4|18.63|47.92|0|0|0|0|0|0
USPS|PRIORITY_MAIL|PACKAGE|96|6.12|6.12|7.16|7.9|11.53|15.85|18.41|21.06|54.64|0|0|0|0|0|0|6.36|6.36|7.4|8.14|11.77|16.09|18.65|21.3|54.88|0|0|0|0|0|0
USPS|PRIORITY_MAIL|PACKAGE|112|6.55|6.55|7.84|8.16|12.67|17.56|20.77|23.64|61.35|0|0|0|0|0|0|6.79|6.79|8.08|8.4|12.91|17.8|21.01|23.88|61.59|0|0|0|0|0|0
USPS|PRIORITY_MAIL|PACKAGE|128|6.91|6.91|8.07|9.21|14.1|19.29|22.86|26.54|68.87|0|0|0|0|0|0|7.15|7.15|8.31|9.45|14.34|19.53|23.1|26.78|69.11|0|0|0|0|0|0
USPS|PRIORITY_MAIL|PACKAGE|144|7.09|7.09|8.31|9.28|15.13|20.98|24.74|29.51|76.59|0|0|0|0|0|0|7.33|7.33|8.55|9.52|15.37|21.22|24.98|29.75|76.83|0|0|0|0|0|0
USPS|PRIORITY_MAIL|PACKAGE|160|7.51|7.51|8.53|9.32|16.34|22.65|27.22|32.1|83.29|0|0|0|0|0|0|7.75|7.75|8.77|9.56|16.58|22.89|27.46|32.34|83.53|0|0|0|0|0|0
USPS|PRIORITY_MAIL|PACKAGE|176|8.77|8.77|10.49|11.25|17.5|24.32|29.61|34.76|91|0|0|0|0|0|0|9.01|9.01|10.73|11.49|17.74|24.56|29.85|35|91.24|0|0|0|0|0|0
USPS|PRIORITY_MAIL|PACKAGE|192|9.31|9.31|11.16|13.09|18.74|26.51|32.02|37.28|97.55|0|0|0|0|0|0|9.55|9.55|11.4|13.33|18.98|26.75|32.26|37.52|97.79|0|0|0|0|0|0
USPS|PRIORITY_MAIL|PACKAGE|208|9.79|9.79|11.79|13.7|19.72|28.47|33.31|38.6|101.04|0|0|0|0|0|0|10.03|10.03|12.03|13.94|19.96|28.71|33.55|38.84|101.28|0|0|0|0|0|0
USPS|PRIORITY_MAIL|PACKAGE|224|10.28|10.28|12.44|14.42|20.88|30.06|35.15|40.51|106.04|0|0|0|0|0|0|10.52|10.52|12.68|14.66|21.12|30.3|35.39|40.75|106.28|0|0|0|0|0|0
USPS|PRIORITY_MAIL|PACKAGE|240|10.7|10.7|13.09|15.13|21.96|31.22|35.83|41.57|108.85|0|0|0|0|0|0|10.94|10.94|13.33|15.37|22.2|31.46|36.07|41.81|109.09|0|0|0|0|0|0
USPS|PRIORITY_MAIL|PACKAGE|256|11.41|11.41|14.24|16.46|23.78|32.99|37.84|43.87|114.83|0|0|0|0|0|0|11.65|11.65|14.48|16.7|24.02|33.23|38.08|44.11|115.07|0|0|0|0|0|0
USPS|PRIORITY_MAIL|PACKAGE|272|11.77|11.77|14.88|17.24|24.94|34.66|39.82|46.19|120.88|0|0|0|0|0|0|12.01|12.01|15.12|17.48|25.18|34.9|40.06|46.43|121.12|0|0|0|0|0|0
USPS|PRIORITY_MAIL|PACKAGE|288|11.99|11.99|15.34|18.01|26.06|36.5|41.78|48.52|126.97|0|0|0|0|0|0|12.23|12.23|15.58|18.25|26.3|36.74|42.02|48.76|127.21|0|0|0|0|0|0
USPS|PRIORITY_MAIL|PACKAGE|304|12.28|12.28|15.71|18.42|26.74|38.13|43.71|50.8|133|0|0|0|0|0|0|12.52|12.52|15.95|18.66|26.98|38.37|43.95|51.04|133.24|0|0|0|0|0|0
USPS|PRIORITY_MAIL|PACKAGE|320|12.76|12.76|15.94|18.8|27.24|39.13|45.35|53.16|139.13|0|0|0|0|0|0|13|13|16.18|19.04|27.48|39.37|45.59|53.4|139.37|0|0|0|0|0|0
USPS|PRIORITY_MAIL|PACKAGE|336|13.32|13.32|16.33|19.24|27.71|39.43|45.77|53.84|142.09|0|0|0|0|0|0|13.56|13.56|16.57|19.48|27.95|39.67|46.01|54.08|142.33|0|0|0|0|0|0
USPS|PRIORITY_MAIL|PACKAGE|352|13.74|13.74|16.77|19.88|28.27|39.7|46.13|54.47|143.75|0|0|0|0|0|0|13.98|13.98|17.01|20.12|28.51|39.94|46.37|54.71|143.99|0|0|0|0|0|0
USPS|PRIORITY_MAIL|PACKAGE|368|14.14|14.14|17.18|20.34|28.78|39.92|46.46|54.8|144.6|0|0|0|0|0|0|14.38|14.38|17.42|20.58|29.02|40.16|46.7|55.04|144.84|0|0|0|0|0|0
USPS|PRIORITY_MAIL|PACKAGE|384|14.72|14.72|17.89|21.51|29.93|40.75|47.67|56.11|148.13|0|0|0|0|0|0|14.96|14.96|18.13|21.75|30.17|40.99|47.91|56.35|148.37|0|0|0|0|0|0
USPS|PRIORITY_MAIL|PACKAGE|400|15.28|15.28|18.54|22.86|30.91|41.35|48.85|57.1|150.68|0|0|0|0|0|0|15.52|15.52|18.78|23.1|31.15|41.59|49.09|57.34|150.92|0|0|0|0|0|0
USPS|PRIORITY_MAIL|PACKAGE|416|16.2|16.2|19.87|25.26|32.56|42.37|50.05|58.89|155.4|0|0|0|0|0|0|16.44|16.44|20.11|25.5|32.8|42.61|50.29|59.13|155.64|0|0|0|0|0|0
USPS|PRIORITY_MAIL|PACKAGE|432|17.19|17.19|20.76|26.79|35.5|42.94|51.22|61.09|161.28|0|0|0|0|0|0|17.43|17.43|21|27.03|35.74|43.18|51.46|61.33|161.52|0|0|0|0|0|0
USPS|PRIORITY_MAIL|PACKAGE|448|17.7|17.7|21.05|27.55|36.42|43.52|52.42|63.39|167.33|0|0|0|0|0|0|17.94|17.94|21.29|27.79|36.66|43.76|52.66|63.63|167.57|0|0|0|0|0|0
USPS|PRIORITY_MAIL|PACKAGE|464|18.24|18.24|21.24|28.28|36.9|44.24|53.61|65.11|171.8|0|0|0|0|0|0|18.48|18.48|21.48|28.52|37.14|44.48|53.85|65.35|172.04|0|0|0|0|0|0
USPS|PRIORITY_MAIL|PACKAGE|480|18.78|18.78|21.56|28.96|37.42|45.48|54.8|66.5|175.52|0|0|0|0|0|0|19.02|19.02|21.8|29.2|37.66|45.72|55.04|66.74|175.76|0|0|0|0|0|0
USPS|PRIORITY_MAIL|PACKAGE|496|19.31|19.31|21.77|29.41|37.88|46.15|56|67.85|180.55|0|0|0|0|0|0|19.55|19.55|22.01|29.65|38.12|46.39|56.24|68.09|180.79|0|0|0|0|0|0
USPS|PRIORITY_MAIL|PACKAGE|512|19.53|19.53|22.23|29.91|38.32|46.76|57.2|69.23|184.23|0|0|0|0|0|0|19.77|19.77|22.47|30.15|38.56|47|57.44|69.47|184.47|0|0|0|0|0|0
USPS|PRIORITY_MAIL|PACKAGE|528|19.83|19.83|22.84|30.65|38.83|47.66|58.38|70.51|187.63|0|0|0|0|0|0|20.07|20.07|23.08|30.89|39.07|47.9|58.62|70.75|187.87|0|0|0|0|0|0
USPS|PRIORITY_MAIL|PACKAGE|544|20.01|20.01|23.44|31.42|39.67|48.78|59.58|71.84|191.19|0|0|0|0|0|0|20.25|20.25|23.68|31.66|39.91|49.02|59.82|72.08|191.43|0|0|0|0|0|0
USPS|PRIORITY_MAIL|PACKAGE|560|20.24|20.24|24.01|31.87|40.5|50.08|60.77|73.07|194.44|0|0|0|0|0|0|20.48|20.48|24.25|32.11|40.74|50.32|61.01|73.31|194.68|0|0|0|0|0|0
USPS|PRIORITY_MAIL|PACKAGE|576|20.5|20.5|24.69|32.28|41.38|51.35|61.62|74.31|197.75|0|0|0|0|0|0|20.74|20.74|24.93|32.52|41.62|51.59|61.86|74.55|197.99|0|0|0|0|0|0
USPS|PRIORITY_MAIL|PACKAGE|592|20.72|20.72|25.15|32.76|42.12|52.69|62.38|75.52|201.02|0|0|0|0|0|0|20.96|20.96|25.39|33|42.36|52.93|62.62|75.76|201.26|0|0|0|0|0|0
USPS|PRIORITY_MAIL|PACKAGE|608|20.9|20.9|25.77|33.17|42.96|54.17|63.11|76.73|204.23|0|0|0|0|0|0|21.14|21.14|26.01|33.41|43.2|54.41|63.35|76.97|204.47|0|0|0|0|0|0
USPS|PRIORITY_MAIL|PACKAGE|624|21.11|21.11|26.37|33.56|43.85|55.44|64.78|77.93|207.39|0|0|0|0|0|0|21.35|21.35|26.61|33.8|44.09|55.68|65.02|78.17|207.63|0|0|0|0|0|0
USPS|PRIORITY_MAIL|PACKAGE|640|21.33|21.33|26.91|33.97|44.76|56.33|66.21|78.99|210.2|0|0|0|0|0|0|21.57|21.57|27.15|34.21|45|56.57|66.45|79.23|210.44|0|0|0|0|0|0
USPS|PRIORITY_MAIL|PACKAGE|656|21.56|21.56|27.38|34.34|45.16|57.28|67.63|80.12|214.92|0|0|0|0|0|0|21.8|21.8|27.62|34.58|45.4|57.52|67.87|80.36|215.16|0|0|0|0|0|0
USPS|PRIORITY_MAIL|PACKAGE|672|21.72|21.72|27.57|34.65|45.92|58.3|68.55|81.2|217.86|0|0|0|0|0|0|21.96|21.96|27.81|34.89|46.16|58.54|68.79|81.44|218.1|0|0|0|0|0|0
USPS|PRIORITY_MAIL|PACKAGE|688|21.97|21.97|27.78|34.97|46.68|59.67|69.41|82.26|220.64|0|0|0|0|0|0|22.21|22.21|28.02|35.21|46.92|59.91|69.65|82.5|220.88|0|0|0|0|0|0
USPS|PRIORITY_MAIL|PACKAGE|704|22.12|22.12|27.97|35.27|47.43|60.64|70.22|83.19|223.19|0|0|0|0|0|0|22.36|22.36|28.21|35.51|47.67|60.88|70.46|83.43|223.43|0|0|0|0|0|0
USPS|PRIORITY_MAIL|PACKAGE|720|22.26|22.26|28.18|35.58|48.18|61.31|70.99|84.22|226.01|0|0|0|0|0|0|22.5|22.5|28.42|35.82|48.42|61.55|71.23|84.46|226.25|0|0|0|0|0|0
USPS|PRIORITY_MAIL|PACKAGE|736|22.46|22.46|28.37|35.87|48.95|61.98|71.75|85.24|228.69|0|0|0|0|0|0|22.7|22.7|28.61|36.11|49.19|62.22|71.99|85.48|228.93|0|0|0|0|0|0
USPS|PRIORITY_MAIL|PACKAGE|752|22.63|22.63|28.58|36.18|49.71|62.63|72.58|86.2|231.25|0|0|0|0|0|0|22.87|22.87|28.82|36.42|49.95|62.87|72.82|86.44|231.49|0|0|0|0|0|0
USPS|PRIORITY_MAIL|PACKAGE|768|22.82|22.82|28.78|36.48|50.46|63.43|73.27|87.12|233.77|0|0|0|0|0|0|23.06|23.06|29.02|36.72|50.7|63.67|73.51|87.36|234.01|0|0|0|0|0|0
USPS|PRIORITY_MAIL|PACKAGE|784|22.99|22.99|28.97|36.79|51.24|64.29|74.04|88|236.05|0|0|0|0|0|0|23.23|23.23|29.21|37.03|51.48|64.53|74.28|88.24|236.29|0|0|0|0|0|0
USPS|PRIORITY_MAIL|PACKAGE|800|23.08|23.08|29.19|37.1|51.98|65.2|74.97|88.92|238.58|0|0|0|0|0|0|23.32|23.32|29.43|37.34|52.22|65.44|75.21|89.16|238.82|0|0|0|0|0|0
USPS|PRIORITY_MAIL|PACKAGE|816|34.52|34.52|43.85|56.5|80.7|99.14|114.73|132.35|242.72|0|0|0|0|0|0|34.76|34.76|44.09|56.74|80.94|99.38|114.97|132.59|242.96|0|0|0|0|0|0
USPS|PRIORITY_MAIL|PACKAGE|832|35.04|35.04|44.16|56.98|81.27|100.11|116.49|133.85|245.56|0|0|0|0|0|0|35.28|35.28|44.4|57.22|81.51|100.35|116.73|134.09|245.8|0|0|0|0|0|0
USPS|PRIORITY_MAIL|PACKAGE|848|35.7|35.7|44.46|57.45|81.94|100.97|118.44|135.61|248.7|0|0|0|0|0|0|35.94|35.94|44.7|57.69|82.18|101.21|118.68|135.85|248.94|0|0|0|0|0|0
USPS|PRIORITY_MAIL|PACKAGE|864|36.23|36.23|44.77|57.91|82.65|101.7|120.16|137.58|252.18|0|0|0|0|0|0|36.47|36.47|45.01|58.15|82.89|101.94|120.4|137.82|252.42|0|0|0|0|0|0
USPS|PRIORITY_MAIL|PACKAGE|880|36.8|36.8|45.06|58.38|83.18|102.56|122.11|139.39|255.58|0|0|0|0|0|0|37.04|37.04|45.3|58.62|83.42|102.8|122.35|139.63|255.82|0|0|0|0|0|0
USPS|PRIORITY_MAIL|PACKAGE|896|37.32|37.32|45.38|58.85|83.82|103.24|123.82|140.85|258.22|0|0|0|0|0|0|37.56|37.56|45.62|59.09|84.06|103.48|124.06|141.09|258.46|0|0|0|0|0|0
USPS|PRIORITY_MAIL|PACKAGE|912|37.92|37.92|45.68|59.32|84.32|104.05|124.63|141.85|260.53|0|0|0|0|0|0|38.16|38.16|45.92|59.56|84.56|104.29|124.87|142.09|260.77|0|0|0|0|0|0
USPS|PRIORITY_MAIL|PACKAGE|928|38.5|38.5|45.98|59.78|84.86|104.67|125.79|143.07|262.64|0|0|0|0|0|0|38.74|38.74|46.22|60.02|85.1|104.91|126.03|143.31|262.88|0|0|0|0|0|0
USPS|PRIORITY_MAIL|PACKAGE|944|39.06|39.06|46.29|60.24|85.37|105.27|126.59|144.11|264.6|0|0|0|0|0|0|39.3|39.3|46.53|60.48|85.61|105.51|126.83|144.35|264.84|0|0|0|0|0|0
USPS|PRIORITY_MAIL|PACKAGE|960|39.55|39.55|46.59|60.7|85.86|105.81|127.4|145.04|266.46|0|0|0|0|0|0|39.79|39.79|46.83|60.94|86.1|106.05|127.64|145.28|266.7|0|0|0|0|0|0
USPS|PRIORITY_MAIL|PACKAGE|976|40.2|40.2|46.88|61.17|86.28|106.41|128.9|147.09|270.08|0|0|0|0|0|0|40.44|40.44|47.12|61.41|86.52|106.65|129.14|147.33|270.32|0|0|0|0|0|0
USPS|PRIORITY_MAIL|PACKAGE|992|40.71|40.71|47.19|61.63|86.67|106.91|130.47|149.54|274.33|0|0|0|0|0|0|40.95|40.95|47.43|61.87|86.91|107.15|130.71|149.78|274.57|0|0|0|0|0|0
USPS|PRIORITY_MAIL|PACKAGE|1008|41.45|41.45|47.5|62.11|87.13|107.53|131.11|151.98|278.74|0|0|0|0|0|0|41.69|41.69|47.74|62.35|87.37|107.77|131.35|152.22|278.98|0|0|0|0|0|0
USPS|PRIORITY_MAIL|PACKAGE|1024|41.82|41.82|47.8|62.58|87.52|108.02|131.71|154.37|283.03|0|0|0|0|0|0|42.06|42.06|48.04|62.82|87.76|108.26|131.95|154.61|283.27|0|0|0|0|0|0
USPS|PRIORITY_MAIL|PACKAGE|1040|42.43|42.43|48.1|63.07|87.79|108.34|132.39|156.7|287.45|0|0|0|0|0|0|42.67|42.67|48.34|63.31|88.03|108.58|132.63|156.94|287.69|0|0|0|0|0|0
USPS|PRIORITY_MAIL|PACKAGE|1056|43|43|48.42|63.52|88.19|108.89|132.79|159.21|291.63|0|0|0|0|0|0|43.24|43.24|48.66|63.76|88.43|109.13|133.03|159.45|291.87|0|0|0|0|0|0
USPS|PRIORITY_MAIL|PACKAGE|1072|43.65|43.65|48.72|64.61|88.51|109.24|133.33|161.25|295.47|0|0|0|0|0|0|43.89|43.89|48.96|64.85|88.75|109.48|133.57|161.49|295.71|0|0|0|0|0|0
USPS|PRIORITY_MAIL|PACKAGE|1088|44.16|44.16|49.01|65.42|88.75|110.64|134.04|162.99|298.6|0|0|0|0|0|0|44.4|44.4|49.25|65.66|88.99|110.88|134.28|163.23|298.84|0|0|0|0|0|0
USPS|PRIORITY_MAIL|PACKAGE|1104|44.77|44.77|49.33|66.27|89.02|111.99|134.67|164.75|301.79|0|0|0|0|0|0|45.01|45.01|49.57|66.51|89.26|112.23|134.91|164.99|302.03|0|0|0|0|0|0
USPS|PRIORITY_MAIL|PACKAGE|1120|45.24|45.24|49.63|67.32|89.31|113.36|135.17|166.61|305.03|0|0|0|0|0|0|45.48|45.48|49.87|67.56|89.55|113.6|135.41|166.85|305.27|0|0|0|0|0|0
USPS|PSLW|PACKAGE|1|0|0|0|0|0|0|0|0|0|2.06|2.67|0|2.32|3.22|0|0|0|0|0|0|0|0|0|0|2.98|2.98|0|3.53|3.53|0
USPS|PSLW|PACKAGE|2|0|0|0|0|0|0|0|0|0|2.06|2.67|0|2.32|3.22|0|0|0|0|0|0|0|0|0|0|3.09|3.09|0|3.64|3.64|0
USPS|PSLW|PACKAGE|3|0|0|0|0|0|0|0|0|0|2.06|2.67|0|2.32|3.22|0|0|0|0|0|0|0|0|0|0|3.14|3.14|0|3.69|3.69|0
USPS|PSLW|PACKAGE|4|0|0|0|0|0|0|0|0|0|2.06|2.67|0|2.32|3.22|0|0|0|0|0|0|0|0|0|0|3.21|3.21|0|3.76|3.76|0
USPS|PSLW|PACKAGE|5|0|0|0|0|0|0|0|0|0|2.07|2.73|0|2.34|3.33|0|0|0|0|0|0|0|0|0|0|3.27|3.27|0|3.87|3.87|0
USPS|PSLW|PACKAGE|6|0|0|0|0|0|0|0|0|0|2.07|2.73|0|2.34|3.33|0|0|0|0|0|0|0|0|0|0|3.39|3.39|0|3.99|3.99|0
USPS|PSLW|PACKAGE|7|0|0|0|0|0|0|0|0|0|2.07|2.73|0|2.34|3.33|0|0|0|0|0|0|0|0|0|0|3.49|3.49|0|4.09|4.09|0
USPS|PSLW|PACKAGE|8|0|0|0|0|0|0|0|0|0|2.07|2.73|0|2.34|3.33|0|0|0|0|0|0|0|0|0|0|3.49|3.49|0|4.09|4.09|0
USPS|PSLW|PACKAGE|9|0|0|0|0|0|0|0|0|0|2.21|3.32|0|2.5|3.69|0|0|0|0|0|0|0|0|0|0|3.87|3.87|0|4.24|4.24|0
USPS|PSLW|PACKAGE|10|0|0|0|0|0|0|0|0|0|2.21|3.32|0|2.5|3.69|0|0|0|0|0|0|0|0|0|0|4.07|4.07|0|4.44|4.44|0
USPS|PSLW|PACKAGE|11|0|0|0|0|0|0|0|0|0|2.21|3.32|0|2.5|3.69|0|0|0|0|0|0|0|0|0|0|4.01|4.01|0|4.38|4.38|0
USPS|PSLW|PACKAGE|12|0|0|0|0|0|0|0|0|0|2.21|3.32|0|2.5|3.69|0|0|0|0|0|0|0|0|0|0|4.16|4.16|0|4.53|4.53|0
USPS|PSLW|PACKAGE|13|0|0|0|0|0|0|0|0|0|2.41|3.84|0|2.68|4.2|0|0|0|0|0|0|0|0|0|0|4.34|4.34|0|4.7|4.7|0
USPS|PSLW|PACKAGE|14|0|0|0|0|0|0|0|0|0|2.41|3.84|0|2.68|4.2|0|0|0|0|0|0|0|0|0|0|4.47|4.47|0|4.83|4.83|0
USPS|PSLW|PACKAGE|15|0|0|0|0|0|0|0|0|0|2.41|3.84|0|2.68|4.2|0|0|0|0|0|0|0|0|0|0|4.58|4.58|0|4.94|4.94|0
USPS|PSLW|PACKAGE|16|0|0|0|0|0|0|0|0|0|2.41|3.84|0|2.68|4.2|0|0|0|0|0|0|0|0|0|0|4.67|4.67|0|5.03|5.03|0
