Carrier|Service|Container Type|Weight Not Over Oz|Cost Zone 1|Cost Zone 2|Cost Zone 3|Cost Zone 4|Cost Zone 5|Cost Zone 6|Cost Zone 7|Cost Zone 8|Cost Zone 9|Cost Zone Ddu|Cost Zone Scf|Cost Zone Ndc|Cost Zone Ddu Out 48|Cost Zone Scf Out 48|Cost Zone Ndc Out 48|Charge Zone 1|Charge Zone 2|Charge Zone 3|Charge Zone 4|Charge Zone 5|Charge Zone 6|Charge Zone 7|Charge Zone 8|Charge Zone 9|Charge Zone Ddu|Charge Zone Scf|Charge Zone Ndc|Charge Zone Ddu Out 48|Charge Zone Scf Out 48|Charge Zone Ndc Out 48
FEDEX|PRIORITY_OVERNIGHT|PACKAGE|32000|0|0|0|0|0|0|0|0|0|0|0|0|0|0|0|0.24|0.24|0.24|0.24|0.24|0.24|0.24|0.24|0|0|0|0|0|0|0
USPS|EXPRESS_MAIL|PACKAGE|1072|0|0|0|0|0|0|0|0|0|0|0|0|0|0|0|0|0|0|0|0|0|0|0|0|0|0|0|0|0|0
USPS|PRIORITY_MAIL|PACKAGE|928|38.5|38.5|45.98|59.78|84.86|104.67|125.79|143.07|262.64|0|0|0|0|0|0|38.74|38.74|46.22|60.02|85.1|104.91|126.03|143.31|262.88|0|0|0|0|0|0
USPS|PRIORITY_MAIL|PACKAGE|784|23.42|23.42|29.52|37.47|52.18|65.07|74.91|89.04|236.05|0|0|0|0|0|0|23.66|23.66|23.66|29.76|37.71|52.42|65.31|75.15|89.28|0|0|0|0|0|0
USPS|EXPRESS_MAIL|PACKAGE|1104|0|0|0|0|0|0|0|0|0|0|0|0|0|0|0|0|0|0|0|0|0|0|0|0|0|0|0|0|0|0
UPS|SECOND_DAY_AIR|PACKAGE|32000|0|0|0|0|0|0|0|0|0|0|0|0|0|0|0|0.24|0.24|0.24|0.24|0.24|0.24|0.24|0.24|0|0|0|0|0|0|0
USPS|EXPRESS_MAIL|PACKAGE|1088|0|0|0|0|0|0|0|0|0|0|0|0|0|0|0|0|0|0|0|0|0|0|0|0|0|0|0|0|0|0
USPS|PRIORITY_MAIL|PACKAGE|1104|44.77|44.77|49.33|66.27|89.02|111.99|134.67|164.75|301.79|0|0|0|0|0|0|45.01|45.01|49.57|66.51|89.26|112.23|134.91|164.99|302.03|0|0|0|0|0|0
USPS|PRIORITY_MAIL|PACKAGE|1088|44.16|44.16|49.01|65.42|88.75|110.64|134.04|162.99|298.6|0|0|0|0|0|0|44.4|44.4|49.25|65.66|88.99|110.88|134.28|163.23|298.84|0|0|0|0|0|0
USPS|PRIORITY_MAIL|PACKAGE|1040|42.43|42.43|48.1|63.07|87.79|108.34|132.39|156.7|287.45|0|0|0|0|0|0|42.67|42.67|48.34|63.31|88.03|108.58|132.63|156.94|287.69|0|0|0|0|0|0
USPS|PRIORITY_MAIL|PACKAGE|1024|41.82|41.82|47.8|62.58|87.52|108.02|131.71|154.37|283.03|0|0|0|0|0|0|42.06|42.06|48.04|62.82|87.76|108.26|131.95|154.61|283.27|0|0|0|0|0|0
USPS|PRIORITY_MAIL|PACKAGE|1008|41.45|41.45|47.5|62.11|87.13|107.53|131.11|151.98|278.74|0|0|0|0|0|0|41.69|41.69|47.74|62.35|87.37|107.77|131.35|152.22|278.98|0|0|0|0|0|0
USPS|PRIORITY_MAIL|PACKAGE|992|40.71|40.71|47.19|61.63|86.67|106.91|130.47|149.54|274.33|0|0|0|0|0|0|40.95|40.95|47.43|61.87|86.91|107.15|130.71|149.78|274.57|0|0|0|0|0|0
USPS|PRIORITY_MAIL|PACKAGE|912|37.92|37.92|45.68|59.32|84.32|104.05|124.63|141.85|260.53|0|0|0|0|0|0|38.16|38.16|45.92|59.56|84.56|104.29|124.87|142.09|260.77|0|0|0|0|0|0
USPS|PRIORITY_MAIL|PACKAGE|896|37.32|37.32|45.38|58.85|83.82|103.24|123.82|140.85|258.22|0|0|0|0|0|0|37.56|37.56|45.62|59.09|84.06|103.48|124.06|141.09|258.46|0|0|0|0|0|0
USPS|PRIORITY_MAIL|PACKAGE|880|36.8|36.8|45.06|58.38|83.18|102.56|122.11|139.39|255.58|0|0|0|0|0|0|37.04|37.04|45.3|58.62|83.42|102.8|122.35|139.63|255.82|0|0|0|0|0|0
USPS|PRIORITY_MAIL|PACKAGE|864|36.23|36.23|44.77|57.91|82.65|101.7|120.16|137.58|252.18|0|0|0|0|0|0|36.47|36.47|45.01|58.15|82.89|101.94|120.4|137.82|252.42|0|0|0|0|0|0
USPS|PRIORITY_MAIL|PACKAGE|848|35.7|35.7|44.46|57.45|81.94|100.97|118.44|135.61|248.7|0|0|0|0|0|0|35.94|35.94|44.7|57.69|82.18|101.21|118.68|135.85|248.94|0|0|0|0|0|0
USPS|PRIORITY_MAIL|PACKAGE|832|35.04|35.04|44.16|56.98|81.27|100.11|116.49|133.85|245.56|0|0|0|0|0|0|35.28|35.28|44.4|57.22|81.51|100.35|116.73|134.09|245.8|0|0|0|0|0|0
USPS|PRIORITY_MAIL|PACKAGE|816|34.52|34.52|43.85|56.5|80.7|99.14|114.73|132.35|242.72|0|0|0|0|0|0|34.76|34.76|44.09|56.74|80.94|99.38|114.97|132.59|242.96|0|0|0|0|0|0
USPS|PRIORITY_MAIL|PACKAGE|800|23.51|34.01|43.54|56.07|79.34|97.77|113.08|131.06|238.58|0|0|0|0|0|0|23.75|23.75|23.75|29.96|38.02|53.17|66.21|76.1|90.21|0|0|0|0|0|0
USPS|PRIORITY_MAIL|PACKAGE|656|21.97|21.97|27.88|34.98|46|57.96|68.43|81.08|214.92|0|0|0|0|0|0|22.21|22.21|22.21|28.12|35.22|46.24|58.2|68.67|81.32|0|0|0|0|0|0
USPS|PRIORITY_MAIL|PACKAGE|640|21.73|21.73|27.42|34.61|45.6|57|67|79.91|210.2|0|0|0|0|0|0|21.97|21.97|21.97|27.66|34.85|45.84|57.24|67.24|80.15|0|0|0|0|0|0
USPS|PRIORITY_MAIL|PACKAGE|624|21.5|21.5|26.85|34.18|44.65|56.09|65.54|78.84|207.39|0|0|0|0|0|0|21.74|21.74|21.74|27.09|34.42|44.89|56.33|65.78|79.08|0|0|0|0|0|0
USPS|PRIORITY_MAIL|PACKAGE|608|21.28|21.28|26.24|33.79|43.75|54.81|63.85|77.64|204.23|0|0|0|0|0|0|21.52|21.52|21.52|26.48|34.03|43.99|55.05|64.09|77.88|0|0|0|0|0|0
USPS|PRIORITY_MAIL|PACKAGE|592|21.1|21.1|25.62|33.36|42.9|53.31|63.13|76.42|201.02|0|0|0|0|0|0|21.34|21.34|21.34|25.86|33.6|43.14|53.55|63.37|76.66|0|0|0|0|0|0
USPS|PRIORITY_MAIL|PACKAGE|576|20.87|20.87|25.15|32.89|42.15|51.96|62.34|75.19|197.75|0|0|0|0|0|0|21.11|21.11|21.11|25.39|33.13|42.39|52.2|62.58|75.43|0|0|0|0|0|0
USPS|PRIORITY_MAIL|PACKAGE|560|20.61|20.61|24.44|32.46|41.26|50.68|61.49|73.95|194.44|0|0|0|0|0|0|20.85|20.85|20.85|24.68|32.7|41.5|50.92|61.73|74.19|0|0|0|0|0|0
USPS|PRIORITY_MAIL|PACKAGE|544|20.38|20.38|23.88|32.01|40.4|49.35|60.29|72.68|191.19|0|0|0|0|0|0|20.62|20.62|20.62|24.12|32.25|40.64|49.59|60.53|72.92|0|0|0|0|0|0
USPS|PRIORITY_MAIL|PACKAGE|528|20.2|20.2|23.26|31.21|39.55|48.22|59.07|71.35|187.63|0|0|0|0|0|0|20.44|20.44|20.44|23.5|31.45|39.79|48.46|59.31|71.59|0|0|0|0|0|0
USPS|PRIORITY_MAIL|PACKAGE|512|19.89|19.89|22.63|30.45|39.03|47.31|57.88|70.05|184.23|0|0|0|0|0|0|20.13|20.13|20.13|22.87|30.69|39.27|47.55|58.12|70.29|0|0|0|0|0|0
USPS|PRIORITY_MAIL|PACKAGE|496|19.67|19.67|22.17|29.96|38.58|46.69|56.66|68.67|180.55|0|0|0|0|0|0|19.91|19.91|19.91|22.41|30.2|38.82|46.93|56.9|68.91|0|0|0|0|0|0
USPS|PRIORITY_MAIL|PACKAGE|480|19.13|19.13|21.97|29.49|38.11|46.03|55.44|67.28|175.52|0|0|0|0|0|0|19.37|19.37|19.37|22.21|29.73|38.35|46.27|55.68|67.52|0|0|0|0|0|0
USPS|PRIORITY_MAIL|PACKAGE|464|18.58|18.58|21.64|28.82|37.59|44.77|54.25|65.87|171.8|0|0|0|0|0|0|18.82|18.82|18.82|21.88|29.06|37.83|45.01|54.49|66.11|0|0|0|0|0|0
USPS|PRIORITY_MAIL|PACKAGE|448|18.03|18.03|21.43|28.05|37.1|44.02|53.04|64.13|167.33|0|0|0|0|0|0|18.27|18.27|18.27|21.67|28.29|37.34|44.26|53.28|64.37|0|0|0|0|0|0
USPS|PRIORITY_MAIL|PACKAGE|432|17.51|17.51|21.14|27.29|36.15|43.45|51.82|61.8|161.28|0|0|0|0|0|0|17.75|17.75|17.75|21.38|27.53|36.39|43.69|52.06|62.04|0|0|0|0|0|0
USPS|PRIORITY_MAIL|PACKAGE|416|16.5|16.5|20.24|25.72|33.17|42.86|50.64|59.58|155.4|0|0|0|0|0|0|16.74|16.74|16.74|20.48|25.96|33.41|43.1|50.88|59.82|0|0|0|0|0|0
USPS|PRIORITY_MAIL|PACKAGE|144|7.23|7.23|8.45|9.45|15.42|21.22|25.03|29.85|76.59|0|0|0|0|0|0|7.47|7.47|7.47|8.69|9.69|15.66|21.46|25.27|30.09|0|0|0|0|0|0
USPS|PRIORITY_MAIL|PACKAGE|128|7.04|7.04|8.23|9.39|14.38|19.5|23.13|26.85|68.87|0|0|0|0|0|0|7.28|7.28|7.28|8.47|9.63|14.62|19.74|23.37|27.09|0|0|0|0|0|0
USPS|PRIORITY_MAIL|PACKAGE|112|6.66|6.66|7.98|8.33|12.92|17.76|21.02|23.92|61.35|0|0|0|0|0|0|6.9|6.9|6.9|8.22|8.57|13.16|18|21.26|24.16|0|0|0|0|0|0
USPS|PRIORITY_MAIL|PACKAGE|96|6.24|6.24|7.29|8.05|11.76|16.05|18.62|21.29|54.64|0|0|0|0|0|0|6.48|6.48|6.48|7.53|8.29|12|16.29|18.86|21.53|0|0|0|0|0|0
USPS|PRIORITY_MAIL|PACKAGE|80|5.91|5.91|6.72|7.47|8.49|14.3|16.35|18.61|47.68|0|0|0|0|0|0|6.15|6.15|6.15|6.96|7.71|8.73|14.54|16.59|18.85|0|0|0|0|0|0
USPS|PRIORITY_MAIL|PACKAGE|64|5.83|5.83|6.43|6.94|8.25|12.55|14.22|16.07|40.97|0|0|0|0|0|0|6.07|6.07|6.07|6.67|7.18|8.49|12.79|14.46|16.31|0|0|0|0|0|0
USPS|PRIORITY_MAIL|PACKAGE|48|5.75|5.75|6.13|6.75|7.38|10.77|11.64|13.58|34.03|0|0|0|0|0|0|5.99|5.99|5.99|6.37|6.99|7.62|11.01|11.88|13.82|0|0|0|0|0|0
USPS|PRIORITY_MAIL|PACKAGE|32|5.67|5.67|5.79|5.9|6.52|8.39|9.11|9.57|25.08|0|0|0|0|0|0|5.91|5.91|5.91|6.03|6.14|6.76|8.63|9.35|9.81|0|0|0|0|0|0
USPS|PRIORITY_MAIL|PACKAGE|16|5.22|5.22|5.58|5.67|5.75|6.52|6.65|6.88|16.39|0|0|0|0|0|0|5.46|5.46|5.46|5.82|5.91|5.99|6.76|6.89|7.12|0|0|0|0|0|0
USPS|PRIORITY_MAIL|PACKAGE|8|5.22|5.22|5.58|5.67|5.75|6.52|6.65|6.88|16.39|0|0|0|0|0|0|5.46|5.46|5.46|5.82|5.91|5.99|6.76|6.89|7.12|0|0|0|0|0|0
USPS|PSLW|PACKAGE|16|0|0|0|0|0|0|0|0|0|2.26|3.6|0|2.68|4.2|0|0|0|0|0|0|0|0|0|0|4.43|4.43|0|4.74|4.74|0
USPS|PSLW|PACKAGE|15|0|0|0|0|0|0|0|0|0|2.26|3.6|0|2.68|4.2|0|0|0|0|0|0|0|0|0|0|4.34|4.34|0|4.74|4.74|0
USPS|PSLW|PACKAGE|14|0|0|0|0|0|0|0|0|0|2.26|3.6|0|2.68|4.2|0|0|0|0|0|0|0|0|0|0|4.23|4.23|0|4.74|4.74|0
USPS|PSLW|PACKAGE|13|0|0|0|0|0|0|0|0|0|2.26|3.6|0|2.68|4.2|0|0|0|0|0|0|0|0|0|0|4.1|4.1|0|4.74|4.74|0
USPS|PSLW|PACKAGE|12|0|0|0|0|0|0|0|0|0|2.07|3.11|0|2.5|3.69|0|0|0|0|0|0|0|0|0|0|3.95|3.95|0|4.23|4.23|0
USPS|PSLW|PACKAGE|11|0|0|0|0|0|0|0|0|0|2.07|3.11|0|2.5|3.69|0|0|0|0|0|0|0|0|0|0|3.8|3.8|0|4.23|4.23|0
USPS|EXPRESS_MAIL|PACKAGE|752|0|0|0|0|0|0|0|0|0|0|0|0|0|0|0|0|0|0|0|0|0|0|0|0|0|0|0|0|0|0
USPS|EXPRESS_MAIL|PACKAGE|736|0|0|0|0|0|0|0|0|0|0|0|0|0|0|0|0|0|0|0|0|0|0|0|0|0|0|0|0|0|0
USPS|EXPRESS_MAIL|PACKAGE|720|0|0|0|0|0|0|0|0|0|0|0|0|0|0|0|0|0|0|0|0|0|0|0|0|0|0|0|0|0|0
USPS|EXPRESS_MAIL|PACKAGE|704|0|0|0|0|0|0|0|0|0|0|0|0|0|0|0|0|0|0|0|0|0|0|0|0|0|0|0|0|0|0
USPS|EXPRESS_MAIL|PACKAGE|688|0|0|0|0|0|0|0|0|0|0|0|0|0|0|0|0|0|0|0|0|0|0|0|0|0|0|0|0|0|0
USPS|EXPRESS_MAIL|PACKAGE|672|0|0|0|0|0|0|0|0|0|0|0|0|0|0|0|0|0|0|0|0|0|0|0|0|0|0|0|0|0|0
USPS|EXPRESS_MAIL|PACKAGE|656|0|0|0|0|0|0|0|0|0|0|0|0|0|0|0|0|0|0|0|0|0|0|0|0|0|0|0|0|0|0
USPS|EXPRESS_MAIL|PACKAGE|640|0|0|0|0|0|0|0|0|0|0|0|0|0|0|0|0|0|0|0|0|0|0|0|0|0|0|0|0|0|0
USPS|EXPRESS_MAIL|PACKAGE|624|0|0|0|0|0|0|0|0|0|0|0|0|0|0|0|0|0|0|0|0|0|0|0|0|0|0|0|0|0|0
USPS|EXPRESS_MAIL|PACKAGE|608|0|0|0|0|0|0|0|0|0|0|0|0|0|0|0|0|0|0|0|0|0|0|0|0|0|0|0|0|0|0
USPS|EXPRESS_MAIL|PACKAGE|592|0|0|0|0|0|0|0|0|0|0|0|0|0|0|0|0|0|0|0|0|0|0|0|0|0|0|0|0|0|0
USPS|EXPRESS_MAIL|PACKAGE|576|0|0|0|0|0|0|0|0|0|0|0|0|0|0|0|0|0|0|0|0|0|0|0|0|0|0|0|0|0|0
USPS|EXPRESS_MAIL|PACKAGE|560|0|0|0|0|0|0|0|0|0|0|0|0|0|0|0|0|0|0|0|0|0|0|0|0|0|0|0|0|0|0
USPS|EXPRESS_MAIL|PACKAGE|544|0|0|0|0|0|0|0|0|0|0|0|0|0|0|0|0|0|0|0|0|0|0|0|0|0|0|0|0|0|0
USPS|EXPRESS_MAIL|PACKAGE|528|0|0|0|0|0|0|0|0|0|0|0|0|0|0|0|0|0|0|0|0|0|0|0|0|0|0|0|0|0|0
USPS|EXPRESS_MAIL|PACKAGE|512|0|0|0|0|0|0|0|0|0|0|0|0|0|0|0|0|0|0|0|0|0|0|0|0|0|0|0|0|0|0
USPS|EXPRESS_MAIL|PACKAGE|240|0|0|0|0|0|0|0|0|0|0|0|0|0|0|0|0|0|0|0|0|0|0|0|0|0|0|0|0|0|0
USPS|EXPRESS_MAIL|PACKAGE|224|0|0|0|0|0|0|0|0|0|0|0|0|0|0|0|0|0|0|0|0|0|0|0|0|0|0|0|0|0|0
USPS|EXPRESS_MAIL|PACKAGE|208|0|0|0|0|0|0|0|0|0|0|0|0|0|0|0|0|0|0|0|0|0|0|0|0|0|0|0|0|0|0
USPS|EXPRESS_MAIL|PACKAGE|192|0|0|0|0|0|0|0|0|0|0|0|0|0|0|0|0|0|0|0|0|0|0|0|0|0|0|0|0|0|0
USPS|EXPRESS_MAIL|PACKAGE|176|0|0|0|0|0|0|0|0|0|0|0|0|0|0|0|0|0|0|0|0|0|0|0|0|0|0|0|0|0|0
USPS|EXPRESS_MAIL|PACKAGE|160|0|0|0|0|0|0|0|0|0|0|0|0|0|0|0|0|0|0|0|0|0|0|0|0|0|0|0|0|0|0
USPS|EXPRESS_MAIL|PACKAGE|144|0|0|0|0|0|0|0|0|0|0|0|0|0|0|0|0|0|0|0|0|0|0|0|0|0|0|0|0|0|0
USPS|EXPRESS_MAIL|PACKAGE|128|0|0|0|0|0|0|0|0|0|0|0|0|0|0|0|0|0|0|0|0|0|0|0|0|0|0|0|0|0|0
USPS|EXPRESS_MAIL|PACKAGE|112|0|0|0|0|0|0|0|0|0|0|0|0|0|0|0|0|0|0|0|0|0|0|0|0|0|0|0|0|0|0
USPS|EXPRESS_MAIL|PACKAGE|96|0|0|0|0|0|0|0|0|0|0|0|0|0|0|0|0|0|0|0|0|0|0|0|0|0|0|0|0|0|0
USPS|EXPRESS_MAIL|PACKAGE|80|0|0|0|0|0|0|0|0|0|0|0|0|0|0|0|0|0|0|0|0|0|0|0|0|0|0|0|0|0|0
USPS|EXPRESS_MAIL|PACKAGE|64|0|0|0|0|0|0|0|0|0|0|0|0|0|0|0|0|0|0|0|0|0|0|0|0|0|0|0|0|0|0
USPS|EXPRESS_MAIL|PACKAGE|48|0|0|0|0|0|0|0|0|0|0|0|0|0|0|0|0|0|0|0|0|0|0|0|0|0|0|0|0|0|0
USPS|EXPRESS_MAIL|PACKAGE|32|0|0|0|0|0|0|0|0|0|0|0|0|0|0|0|0|0|0|0|0|0|0|0|0|0|0|0|0|0|0
USPS|EXPRESS_MAIL|PACKAGE|16|0|0|0|0|0|0|0|0|0|0|0|0|0|0|0|0|0|0|0|0|0|0|0|0|0|0|0|0|0|0
USPS|EXPRESS_MAIL|PACKAGE|8|0|0|0|0|0|0|0|0|0|0|0|0|0|0|0|0|0|0|0|0|0|0|0|0|0|0|0|0|0|0
UPS|GROUND|PACKAGE|32000|0|0|0|0|0|0|0|0|0|0|0|0|0|0|0|0.24|0.24|0.24|0.24|0.24|0.24|0.24|0.24|0|0|0|0|0|0|0
UPS|NEXT_DAY_AIR|PACKAGE|32000|0|0|0|0|0|0|0|0|0|0|0|0|0|0|0|0.24|0.24|0.24|0.24|0.24|0.24|0.24|0.24|0|0|0|0|0|0|0
USPS|PRIORITY_MAIL|PACKAGE|1120|45.24|45.24|49.63|67.32|89.31|113.36|135.17|166.61|305.03|0|0|0|0|0|0|45.48|45.48|49.87|67.56|89.55|113.6|135.41|166.85|305.27|0|0|0|0|0|0
USPS|PRIORITY_MAIL|PACKAGE|1072|43.65|43.65|48.72|64.61|88.51|109.24|133.33|161.25|295.47|0|0|0|0|0|0|43.89|43.89|48.96|64.85|88.75|109.48|133.57|161.49|295.71|0|0|0|0|0|0
USPS|PRIORITY_MAIL|PACKAGE|1056|43|43|48.42|63.52|88.19|108.89|132.79|159.21|291.63|0|0|0|0|0|0|43.24|43.24|48.66|63.76|88.43|109.13|133.03|159.45|291.87|0|0|0|0|0|0
USPS|PRIORITY_MAIL|PACKAGE|976|40.2|40.2|46.88|61.17|86.28|106.41|128.9|147.09|270.08|0|0|0|0|0|0|40.44|40.44|47.12|61.41|86.52|106.65|129.14|147.33|270.32|0|0|0|0|0|0
USPS|PRIORITY_MAIL|PACKAGE|960|39.55|39.55|46.59|60.7|85.86|105.81|127.4|145.04|266.46|0|0|0|0|0|0|39.79|39.79|46.83|60.94|86.1|106.05|127.64|145.28|266.7|0|0|0|0|0|0
USPS|PRIORITY_MAIL|PACKAGE|944|39.06|39.06|46.29|60.24|85.37|105.27|126.59|144.11|264.6|0|0|0|0|0|0|39.3|39.3|46.53|60.48|85.61|105.51|126.83|144.35|264.84|0|0|0|0|0|0
USPS|PRIORITY_MAIL|PACKAGE|768|23.23|23.23|29.32|37.15|51.39|64.19|74.13|88.15|233.77|0|0|0|0|0|0|23.47|23.47|23.47|29.56|37.39|51.63|64.43|74.37|88.39|0|0|0|0|0|0
USPS|PRIORITY_MAIL|PACKAGE|752|23.04|23.04|29.11|36.85|50.63|63.38|73.44|87.21|231.25|0|0|0|0|0|0|23.28|23.28|23.28|29.35|37.09|50.87|63.62|73.68|87.45|0|0|0|0|0|0
USPS|PRIORITY_MAIL|PACKAGE|736|22.88|22.88|28.9|36.54|49.86|62.72|72.61|86.25|228.69|0|0|0|0|0|0|23.12|23.12|23.12|29.14|36.78|50.1|62.96|72.85|86.49|0|0|0|0|0|0
USPS|PRIORITY_MAIL|PACKAGE|720|22.67|22.67|28.7|36.23|49.08|62.03|71.83|85.23|226.01|0|0|0|0|0|0|22.91|22.91|22.91|28.94|36.47|49.32|62.27|72.07|85.47|0|0|0|0|0|0
USPS|PRIORITY_MAIL|PACKAGE|704|22.53|22.53|28.5|35.92|48.31|61.35|71.05|84.16|223.19|0|0|0|0|0|0|22.77|22.77|22.77|28.74|36.16|48.55|61.59|71.29|84.4|0|0|0|0|0|0
USPS|PRIORITY_MAIL|PACKAGE|688|22.37|22.37|28.29|35.61|47.54|60.38|70.23|83.24|220.64|0|0|0|0|0|0|22.61|22.61|22.61|28.53|35.85|47.78|60.62|70.47|83.48|0|0|0|0|0|0
USPS|PRIORITY_MAIL|PACKAGE|672|22.12|22.12|28.07|35.3|46.77|58.97|69.37|82.17|217.86|0|0|0|0|0|0|22.36|22.36|22.36|28.31|35.54|47.01|59.21|69.61|82.41|0|0|0|0|0|0
USPS|PRIORITY_MAIL|PACKAGE|400|15.57|15.57|18.88|23.28|31.48|41.84|49.43|57.78|150.68|0|0|0|0|0|0|15.81|15.81|15.81|19.12|23.52|31.72|42.08|49.67|58.02|0|0|0|0|0|0
USPS|PRIORITY_MAIL|PACKAGE|384|14.99|14.99|18.22|21.91|30.47|41.25|48.23|56.77|148.13|0|0|0|0|0|0|15.23|15.23|15.23|18.46|22.15|30.71|41.49|48.47|57.01|0|0|0|0|0|0
USPS|PRIORITY_MAIL|PACKAGE|368|14.4|14.4|17.5|20.73|29.32|40.39|47.01|55.44|144.6|0|0|0|0|0|0|14.64|14.64|14.64|17.74|20.97|29.56|40.63|47.25|55.68|0|0|0|0|0|0
USPS|PRIORITY_MAIL|PACKAGE|352|13.99|13.99|17.08|20.25|28.79|40.17|46.68|55.11|143.75|0|0|0|0|0|0|14.23|14.23|14.23|17.32|20.49|29.03|40.41|46.92|55.35|0|0|0|0|0|0
USPS|PRIORITY_MAIL|PACKAGE|336|13.56|13.56|16.64|19.59|28.23|39.9|46.32|54.48|142.09|0|0|0|0|0|0|13.8|13.8|13.8|16.88|19.83|28.47|40.14|46.56|54.72|0|0|0|0|0|0
USPS|PRIORITY_MAIL|PACKAGE|320|12.99|12.99|16.24|19.15|27.74|39.58|45.9|53.79|139.13|0|0|0|0|0|0|13.23|13.23|13.23|16.48|19.39|27.98|39.82|46.14|54.03|0|0|0|0|0|0
USPS|PRIORITY_MAIL|PACKAGE|304|12.51|12.51|16|18.76|27.24|38.58|44.24|51.41|133|0|0|0|0|0|0|12.75|12.75|12.75|16.24|19|27.48|38.82|44.48|51.65|0|0|0|0|0|0
USPS|PRIORITY_MAIL|PACKAGE|288|12.22|12.22|15.62|18.36|26.54|36.92|42.26|49.1|126.97|0|0|0|0|0|0|12.46|12.46|12.46|15.86|18.6|26.78|37.16|42.5|49.34|0|0|0|0|0|0
USPS|PRIORITY_MAIL|PACKAGE|272|11.98|11.98|15.16|17.56|25.39|35.07|40.29|46.74|120.88|0|0|0|0|0|0|12.22|12.22|12.22|15.4|17.8|25.63|35.31|40.53|46.98|0|0|0|0|0|0
USPS|PRIORITY_MAIL|PACKAGE|256|11.62|11.62|14.48|16.76|24.22|33.38|38.29|44.39|114.83|0|0|0|0|0|0|11.86|11.86|11.86|14.72|17|24.46|33.62|38.53|44.63|0|0|0|0|0|0
USPS|PRIORITY_MAIL|PACKAGE|240|10.89|10.89|13.35|15.42|22.37|31.58|36.25|42.07|108.85|0|0|0|0|0|0|11.13|11.13|11.13|13.59|15.66|22.61|31.82|36.49|42.31|0|0|0|0|0|0
USPS|PRIORITY_MAIL|PACKAGE|224|10.49|10.49|12.67|14.7|21.28|30.41|35.58|41|106.04|0|0|0|0|0|0|10.73|10.73|10.73|12.91|14.94|21.52|30.65|35.82|41.24|0|0|0|0|0|0
USPS|PRIORITY_MAIL|PACKAGE|208|9.98|9.98|12.01|13.96|20.09|28.81|33.7|39.06|101.04|0|0|0|0|0|0|10.22|10.22|10.22|12.25|14.2|20.33|29.05|33.94|39.3|0|0|0|0|0|0
USPS|PRIORITY_MAIL|PACKAGE|192|9.48|9.48|11.37|13.34|19.09|26.83|32.39|37.73|97.55|0|0|0|0|0|0|9.72|9.72|9.72|11.61|13.58|19.33|27.07|32.63|37.97|0|0|0|0|0|0
USPS|PRIORITY_MAIL|PACKAGE|176|8.94|8.94|10.7|11.46|17.84|24.61|29.96|35.16|91|0|0|0|0|0|0|9.18|9.18|9.18|10.94|11.7|18.08|24.85|30.2|35.4|0|0|0|0|0|0
USPS|PRIORITY_MAIL|PACKAGE|160|7.64|7.64|8.7|9.5|16.65|22.92|27.54|32.47|83.29|0|0|0|0|0|0|7.88|7.88|7.88|8.94|9.74|16.89|23.16|27.78|32.71|0|0|0|0|0|0
USPS|PSLW|PACKAGE|10|0|0|0|0|0|0|0|0|0|2.07|3.11|0|2.5|3.69|0|0|0|0|0|0|0|0|0|0|3.86|3.86|0|4.23|4.23|0
USPS|PSLW|PACKAGE|9|0|0|0|0|0|0|0|0|0|2.07|3.11|0|2.5|3.69|0|0|0|0|0|0|0|0|0|0|3.66|3.66|0|4.23|4.23|0
USPS|PSLW|PACKAGE|8|0|0|0|0|0|0|0|0|0|1.94|2.56|0|2.34|3.33|0|0|0|0|0|0|0|0|0|0|3.32|3.32|0|3.87|3.87|0
USPS|PSLW|PACKAGE|7|0|0|0|0|0|0|0|0|0|1.94|2.56|0|2.34|3.33|0|0|0|0|0|0|0|0|0|0|3.32|3.32|0|3.87|3.87|0
USPS|PSLW|PACKAGE|6|0|0|0|0|0|0|0|0|0|1.94|2.56|0|2.34|3.33|0|0|0|0|0|0|0|0|0|0|3.22|3.22|0|3.87|3.87|0
USPS|PSLW|PACKAGE|5|0|0|0|0|0|0|0|0|0|1.94|2.56|0|2.34|3.33|0|0|0|0|0|0|0|0|0|0|3.1|3.1|0|3.87|3.87|0
USPS|PSLW|PACKAGE|4|0|0|0|0|0|0|0|0|0|1.93|2.5|0|2.32|3.22|0|0|0|0|0|0|0|0|0|0|3.03|3.03|0|3.76|3.76|0
USPS|PSLW|PACKAGE|3|0|0|0|0|0|0|0|0|0|1.93|2.5|0|2.32|3.22|0|0|0|0|0|0|0|0|0|0|2.96|2.96|0|3.76|3.76|0
USPS|PSLW|PACKAGE|2|0|0|0|0|0|0|0|0|0|1.93|2.5|0|2.32|3.22|0|0|0|0|0|0|0|0|0|0|2.91|2.91|0|3.76|3.76|0
USPS|EXPRESS_MAIL|PACKAGE|1008|0|0|0|0|0|0|0|0|0|0|0|0|0|0|0|0|0|0|0|0|0|0|0|0|0|0|0|0|0|0
USPS|EXPRESS_MAIL|PACKAGE|992|0|0|0|0|0|0|0|0|0|0|0|0|0|0|0|0|0|0|0|0|0|0|0|0|0|0|0|0|0|0
USPS|EXPRESS_MAIL|PACKAGE|976|0|0|0|0|0|0|0|0|0|0|0|0|0|0|0|0|0|0|0|0|0|0|0|0|0|0|0|0|0|0
USPS|EXPRESS_MAIL|PACKAGE|960|0|0|0|0|0|0|0|0|0|0|0|0|0|0|0|0|0|0|0|0|0|0|0|0|0|0|0|0|0|0
USPS|EXPRESS_MAIL|PACKAGE|944|0|0|0|0|0|0|0|0|0|0|0|0|0|0|0|0|0|0|0|0|0|0|0|0|0|0|0|0|0|0
USPS|EXPRESS_MAIL|PACKAGE|928|0|0|0|0|0|0|0|0|0|0|0|0|0|0|0|0|0|0|0|0|0|0|0|0|0|0|0|0|0|0
USPS|EXPRESS_MAIL|PACKAGE|912|0|0|0|0|0|0|0|0|0|0|0|0|0|0|0|0|0|0|0|0|0|0|0|0|0|0|0|0|0|0
USPS|EXPRESS_MAIL|PACKAGE|896|0|0|0|0|0|0|0|0|0|0|0|0|0|0|0|0|0|0|0|0|0|0|0|0|0|0|0|0|0|0
USPS|EXPRESS_MAIL|PACKAGE|880|0|0|0|0|0|0|0|0|0|0|0|0|0|0|0|0|0|0|0|0|0|0|0|0|0|0|0|0|0|0
USPS|EXPRESS_MAIL|PACKAGE|864|0|0|0|0|0|0|0|0|0|0|0|0|0|0|0|0|0|0|0|0|0|0|0|0|0|0|0|0|0|0
USPS|EXPRESS_MAIL|PACKAGE|848|0|0|0|0|0|0|0|0|0|0|0|0|0|0|0|0|0|0|0|0|0|0|0|0|0|0|0|0|0|0
USPS|EXPRESS_MAIL|PACKAGE|832|0|0|0|0|0|0|0|0|0|0|0|0|0|0|0|0|0|0|0|0|0|0|0|0|0|0|0|0|0|0
USPS|EXPRESS_MAIL|PACKAGE|816|0|0|0|0|0|0|0|0|0|0|0|0|0|0|0|0|0|0|0|0|0|0|0|0|0|0|0|0|0|0
USPS|EXPRESS_MAIL|PACKAGE|800|0|0|0|0|0|0|0|0|0|0|0|0|0|0|0|0|0|0|0|0|0|0|0|0|0|0|0|0|0|0
USPS|EXPRESS_MAIL|PACKAGE|784|0|0|0|0|0|0|0|0|0|0|0|0|0|0|0|0|0|0|0|0|0|0|0|0|0|0|0|0|0|0
USPS|EXPRESS_MAIL|PACKAGE|768|0|0|0|0|0|0|0|0|0|0|0|0|0|0|0|0|0|0|0|0|0|0|0|0|0|0|0|0|0|0
USPS|EXPRESS_MAIL|PACKAGE|496|0|0|0|0|0|0|0|0|0|0|0|0|0|0|0|0|0|0|0|0|0|0|0|0|0|0|0|0|0|0
USPS|EXPRESS_MAIL|PACKAGE|480|0|0|0|0|0|0|0|0|0|0|0|0|0|0|0|0|0|0|0|0|0|0|0|0|0|0|0|0|0|0
USPS|EXPRESS_MAIL|PACKAGE|464|0|0|0|0|0|0|0|0|0|0|0|0|0|0|0|0|0|0|0|0|0|0|0|0|0|0|0|0|0|0
USPS|EXPRESS_MAIL|PACKAGE|448|0|0|0|0|0|0|0|0|0|0|0|0|0|0|0|0|0|0|0|0|0|0|0|0|0|0|0|0|0|0
USPS|EXPRESS_MAIL|PACKAGE|432|0|0|0|0|0|0|0|0|0|0|0|0|0|0|0|0|0|0|0|0|0|0|0|0|0|0|0|0|0|0
USPS|EXPRESS_MAIL|PACKAGE|416|0|0|0|0|0|0|0|0|0|0|0|0|0|0|0|0|0|0|0|0|0|0|0|0|0|0|0|0|0|0
USPS|EXPRESS_MAIL|PACKAGE|400|0|0|0|0|0|0|0|0|0|0|0|0|0|0|0|0|0|0|0|0|0|0|0|0|0|0|0|0|0|0
USPS|EXPRESS_MAIL|PACKAGE|384|0|0|0|0|0|0|0|0|0|0|0|0|0|0|0|0|0|0|0|0|0|0|0|0|0|0|0|0|0|0
USPS|EXPRESS_MAIL|PACKAGE|368|0|0|0|0|0|0|0|0|0|0|0|0|0|0|0|0|0|0|0|0|0|0|0|0|0|0|0|0|0|0
USPS|EXPRESS_MAIL|PACKAGE|352|0|0|0|0|0|0|0|0|0|0|0|0|0|0|0|0|0|0|0|0|0|0|0|0|0|0|0|0|0|0
USPS|EXPRESS_MAIL|PACKAGE|336|0|0|0|0|0|0|0|0|0|0|0|0|0|0|0|0|0|0|0|0|0|0|0|0|0|0|0|0|0|0
USPS|EXPRESS_MAIL|PACKAGE|320|0|0|0|0|0|0|0|0|0|0|0|0|0|0|0|0|0|0|0|0|0|0|0|0|0|0|0|0|0|0
USPS|EXPRESS_MAIL|PACKAGE|304|0|0|0|0|0|0|0|0|0|0|0|0|0|0|0|0|0|0|0|0|0|0|0|0|0|0|0|0|0|0
USPS|EXPRESS_MAIL|PACKAGE|288|0|0|0|0|0|0|0|0|0|0|0|0|0|0|0|0|0|0|0|0|0|0|0|0|0|0|0|0|0|0
USPS|EXPRESS_MAIL|PACKAGE|272|0|0|0|0|0|0|0|0|0|0|0|0|0|0|0|0|0|0|0|0|0|0|0|0|0|0|0|0|0|0
USPS|EXPRESS_MAIL|PACKAGE|256|0|0|0|0|0|0|0|0|0|0|0|0|0|0|0|0|0|0|0|0|0|0|0|0|0|0|0|0|0|0
USPS|FIRST_CLASS|PACKAGE|16|4.21|4.21|4.21|4.21|4.21|4.21|4.21|4.21|4.21|0|0|0|0|0|0|4.35|4.35|4.35|4.35|4.35|4.35|4.35|4.35|4.35|0|0|0|0|0|0
USPS|FIRST_CLASS|PACKAGE|15|4.1|4.1|4.1|4.1|4.1|4.1|4.1|4.1|4.1|0|0|0|0|0|0|4.25|4.25|4.25|4.25|4.25|4.25|4.25|4.25|4.25|0|0|0|0|0|0
USPS|FIRST_CLASS|PACKAGE|14|4|4|4|4|4|4|4|4|4|0|0|0|0|0|0|4.15|4.15|4.15|4.15|4.15|4.15|4.15|4.15|4.15|0|0|0|0|0|0
USPS|FIRST_CLASS|PACKAGE|13|3.89|3.89|3.89|3.89|3.89|3.89|3.89|3.89|3.89|0|0|0|0|0|0|4.04|4.04|4.04|4.04|4.04|4.04|4.04|4.04|4.04|0|0|0|0|0|0
USPS|FIRST_CLASS|PACKAGE|12|3.77|3.77|3.77|3.77|3.77|3.77|3.77|3.77|3.77|0|0|0|0|0|0|3.92|3.92|3.92|3.92|3.92|3.92|3.92|3.92|3.92|0|0|0|0|0|0
USPS|FIRST_CLASS|PACKAGE|11|3.67|3.67|3.67|3.67|3.67|3.67|3.67|3.67|3.67|0|0|0|0|0|0|3.84|3.84|3.84|3.84|3.84|3.84|3.84|3.84|3.84|0|0|0|0|0|0
USPS|FIRST_CLASS|PACKAGE|10|3.56|3.56|3.56|3.56|3.56|3.56|3.56|3.56|3.56|0|0|0|0|0|0|3.75|3.75|3.75|3.75|3.75|3.75|3.75|3.75|3.75|0|0|0|0|0|0
USPS|FIRST_CLASS|PACKAGE|9|3.44|3.44|3.44|3.44|3.44|3.44|3.44|3.44|3.44|0|0|0|0|0|0|3.68|3.68|3.68|3.68|3.68|3.68|3.68|3.68|3.68|0|0|0|0|0|0
USPS|FIRST_CLASS|PACKAGE|8|3.28|3.28|3.28|3.28|3.28|3.28|3.28|3.28|3.28|0|0|0|0|0|0|3.53|3.53|3.53|3.53|3.53|3.53|3.53|3.53|3.53|0|0|0|0|0|0
USPS|FIRST_CLASS|PACKAGE|7|3.14|3.14|3.14|3.14|3.14|3.14|3.14|3.14|3.14|0|0|0|0|0|0|3.39|3.39|3.39|3.39|3.39|3.39|3.39|3.39|3.39|0|0|0|0|0|0
USPS|FIRST_CLASS|PACKAGE|6|3.01|3.01|3.01|3.01|3.01|3.01|3.01|3.01|3.01|0|0|0|0|0|0|3.26|3.26|3.26|3.26|3.26|3.26|3.26|3.26|3.26|0|0|0|0|0|0
USPS|FIRST_CLASS|PACKAGE|5|2.87|2.87|2.87|2.87|2.87|2.87|2.87|2.87|2.87|0|0|0|0|0|0|3.12|3.12|3.12|3.12|3.12|3.12|3.12|3.12|3.12|0|0|0|0|0|0
USPS|FIRST_CLASS|PACKAGE|4|2.74|2.74|2.74|2.74|2.74|2.74|2.74|2.74|2.74|0|0|0|0|0|0|3|3|3|3|3|3|3|3|3|0|0|0|0|0|0
USPS|FIRST_CLASS|PACKAGE|3|2.74|2.74|2.74|2.74|2.74|2.74|2.74|2.74|2.74|0|0|0|0|0|0|3|3|3|3|3|3|3|3|3|0|0|0|0|0|0
USPS|FIRST_CLASS|PACKAGE|2|2.69|2.69|2.69|2.69|2.69|2.69|2.69|2.69|2.69|0|0|0|0|0|0|2.91|2.91|2.91|2.91|2.91|2.91|2.91|2.91|2.91|0|0|0|0|0|0
USPS|FIRST_CLASS|PACKAGE|1|2.57|2.57|2.57|2.57|2.57|2.57|2.57|2.57|2.57|0|0|0|0|0|0|2.78|2.78|2.78|2.78|2.78|2.78|2.78|2.78|2.78|0|0|0|0|0|0
USPS|EXPRESS_MAIL|PACKAGE|1120|0|0|0|0|0|0|0|0|0|0|0|0|0|0|0|0|0|0|0|0|0|0|0|0|0|0|0|0|0|0
USPS|EXPRESS_MAIL|PACKAGE|1024|0|0|0|0|0|0|0|0|0|0|0|0|0|0|0|0|0|0|0|0|0|0|0|0|0|0|0|0|0|0
USPS|EXPRESS_MAIL|PACKAGE|1056|0|0|0|0|0|0|0|0|0|0|0|0|0|0|0|0|0|0|0|0|0|0|0|0|0|0|0|0|0|0
USPS|EXPRESS_MAIL|PACKAGE|1040|0|0|0|0|0|0|0|0|0|0|0|0|0|0|0|0|0|0|0|0|0|0|0|0|0|0|0|0|0|0
UPS|NEXT_DAY_AIR_SAVER|PACKAGE|32000|0|0|0|0|0|0|0|0|0|0|0|0|0|0|0|0.24|0.24|0.24|0.24|0.24|0.24|0.24|0.24|0|0|0|0|0|0|0
USPS|PSLW|PACKAGE|1|0|0|0|0|0|0|0|0|0|1.93|2.5|0|2.32|3.22|0|0|0|0|0|0|0|0|0|0|2.8|2.8|0|3.76|3.76|0
