Carrier|Service|Container Type|Weight Not Over Oz|Cost Zone 1|Cost Zone 2|Cost Zone 3|Cost Zone 4|Cost Zone 5|Cost Zone 6|Cost Zone 7|Cost Zone 8|Cost Zone 9|Cost Zone Ddu|Cost Zone Scf|Cost Zone Ndc|Charge Zone 1|Charge Zone 2|Charge Zone 3|Charge Zone 4|Charge Zone 5|Charge Zone 6|Charge Zone 7|Charge Zone 8|Charge Zone 9|Charge Zone Ddu|Charge Zone Scf|Charge Zone Ndc
USPS|PRIORITY_MAIL|BAG|8|5.22|5.22|5.58|5.67|5.75|6.52|6.65|6.88|15|0|0|0|0|0|0|0|0|0|0|0|0|0|0|0
USPS|PRIORITY_MAIL|BAG|16|5.22|5.22|5.58|5.67|5.75|6.52|6.65|6.88|15|0|0|0|0|0|0|0|0|0|0|0|0|0|0|0
USPS|PRIORITY_MAIL|BAG|32|5.67|5.67|5.79|5.9|6.52|8.39|9.11|9.57|22.56|0|0|0|0|0|0|0|0|0|0|0|0|0|0|0
USPS|PRIORITY_MAIL|BAG|48|5.75|5.75|6.13|6.75|7.38|10.77|11.64|13.58|30.34|0|0|0|0|0|0|0|0|0|0|0|0|0|0|0
USPS|PRIORITY_MAIL|BAG|64|5.83|5.83|6.43|6.94|8.25|12.55|14.22|16.07|36.38|0|0|0|0|0|0|0|0|0|0|0|0|0|0|0
USPS|PRIORITY_MAIL|BAG|80|5.91|5.91|6.72|7.47|8.49|14.3|16.35|18.61|42.21|0|0|0|0|0|0|0|0|0|0|0|0|0|0|0
USPS|PRIORITY_MAIL|BAG|96|6.24|6.24|7.29|8.05|11.76|16.05|18.62|21.29|48.26|0|0|0|0|0|0|0|0|0|0|0|0|0|0|0
USPS|PRIORITY_MAIL|BAG|112|6.66|6.66|7.98|8.33|12.92|17.76|21.02|23.92|54.1|0|0|0|0|0|0|0|0|0|0|0|0|0|0|0
USPS|PRIORITY_MAIL|BAG|128|7.04|7.04|8.23|9.39|14.38|19.5|23.13|26.85|60.64|0|0|0|0|0|0|0|0|0|0|0|0|0|0|0
USPS|PRIORITY_MAIL|BAG|144|7.23|7.23|8.45|9.45|15.42|21.22|25.03|29.85|67.35|0|0|0|0|0|0|0|0|0|0|0|0|0|0|0
USPS|PRIORITY_MAIL|BAG|160|7.64|7.64|8.7|9.5|16.65|22.92|27.54|32.47|73.18|0|0|0|0|0|0|0|0|0|0|0|0|0|0|0
USPS|PRIORITY_MAIL|BAG|176|8.94|8.94|10.7|11.46|17.84|24.61|29.96|35.16|82.13|0|0|0|0|0|0|0|0|0|0|0|0|0|0|0
USPS|PRIORITY_MAIL|BAG|192|9.48|9.48|11.37|13.34|19.09|26.83|32.39|37.73|87.83|0|0|0|0|0|0|0|0|0|0|0|0|0|0|0
USPS|PRIORITY_MAIL|BAG|208|9.98|9.98|12.01|13.96|20.09|28.81|33.7|39.06|90.86|0|0|0|0|0|0|0|0|0|0|0|0|0|0|0
USPS|PRIORITY_MAIL|BAG|224|10.49|10.49|12.67|14.7|21.28|30.41|35.58|41|95.21|0|0|0|0|0|0|0|0|0|0|0|0|0|0|0
USPS|PRIORITY_MAIL|BAG|240|10.89|10.89|13.35|15.42|22.37|31.58|36.25|42.07|97.65|0|0|0|0|0|0|0|0|0|0|0|0|0|0|0
USPS|PRIORITY_MAIL|BAG|256|11.62|11.62|14.48|16.76|24.22|33.38|38.29|44.39|102.85|0|0|0|0|0|0|0|0|0|0|0|0|0|0|0
USPS|PRIORITY_MAIL|BAG|272|11.98|11.98|15.16|17.56|25.39|35.07|40.29|46.74|108.11|0|0|0|0|0|0|0|0|0|0|0|0|0|0|0
USPS|PRIORITY_MAIL|BAG|288|12.22|12.22|15.62|18.36|26.54|36.92|42.26|49.1|113.41|0|0|0|0|0|0|0|0|0|0|0|0|0|0|0
USPS|PRIORITY_MAIL|BAG|304|12.51|12.51|16|18.76|27.24|38.58|44.24|51.41|118.65|0|0|0|0|0|0|0|0|0|0|0|0|0|0|0
USPS|PRIORITY_MAIL|BAG|320|12.99|12.99|16.24|19.15|27.74|39.58|45.9|53.79|123.98|0|0|0|0|0|0|0|0|0|0|0|0|0|0|0
USPS|PRIORITY_MAIL|BAG|336|13.56|13.56|16.64|19.59|28.23|39.9|46.32|54.48|128.56|0|0|0|0|0|0|0|0|0|0|0|0|0|0|0
USPS|PRIORITY_MAIL|BAG|352|13.99|13.99|17.08|20.25|28.79|40.17|46.68|55.11|130|0|0|0|0|0|0|0|0|0|0|0|0|0|0|0
USPS|PRIORITY_MAIL|BAG|368|14.4|14.4|17.5|20.73|29.32|40.39|47.01|55.44|130.74|0|0|0|0|0|0|0|0|0|0|0|0|0|0|0
USPS|PRIORITY_MAIL|BAG|384|14.99|14.99|18.22|21.91|30.47|41.25|48.23|56.77|133.81|0|0|0|0|0|0|0|0|0|0|0|0|0|0|0
USPS|PRIORITY_MAIL|BAG|400|15.57|15.57|18.88|23.28|31.48|41.84|49.43|57.78|136.03|0|0|0|0|0|0|0|0|0|0|0|0|0|0|0
USPS|PRIORITY_MAIL|BAG|416|16.5|16.5|20.24|25.72|33.17|42.86|50.64|59.58|140.13|0|0|0|0|0|0|0|0|0|0|0|0|0|0|0
USPS|PRIORITY_MAIL|BAG|432|17.51|17.51|21.14|27.29|36.15|43.45|51.82|61.8|145.24|0|0|0|0|0|0|0|0|0|0|0|0|0|0|0
USPS|PRIORITY_MAIL|BAG|448|18.03|18.03|21.43|28.05|37.1|44.02|53.04|64.13|150.5|0|0|0|0|0|0|0|0|0|0|0|0|0|0|0
USPS|PRIORITY_MAIL|BAG|464|18.58|18.58|21.64|28.82|37.59|44.77|54.25|65.87|154.39|0|0|0|0|0|0|0|0|0|0|0|0|0|0|0
USPS|PRIORITY_MAIL|BAG|480|19.13|19.13|21.97|29.49|38.11|46.03|55.44|67.28|157.63|0|0|0|0|0|0|0|0|0|0|0|0|0|0|0
USPS|PRIORITY_MAIL|BAG|496|19.67|19.67|22.17|29.96|38.58|46.69|56.66|68.67|162|0|0|0|0|0|0|0|0|0|0|0|0|0|0|0
USPS|PRIORITY_MAIL|BAG|512|19.89|19.89|22.63|30.45|39.03|47.31|57.88|70.05|165.2|0|0|0|0|0|0|0|0|0|0|0|0|0|0|0
USPS|PRIORITY_MAIL|BAG|528|20.2|20.2|23.26|31.21|39.55|48.22|59.07|71.35|168.16|0|0|0|0|0|0|0|0|0|0|0|0|0|0|0
USPS|PRIORITY_MAIL|BAG|544|20.38|20.38|23.88|32.01|40.4|49.35|60.29|72.68|171.25|0|0|0|0|0|0|0|0|0|0|0|0|0|0|0
USPS|PRIORITY_MAIL|BAG|560|20.61|20.61|24.44|32.46|41.26|50.68|61.49|73.95|174.08|0|0|0|0|0|0|0|0|0|0|0|0|0|0|0
USPS|PRIORITY_MAIL|BAG|576|20.87|20.87|25.15|32.89|42.15|51.96|62.34|75.19|176.96|0|0|0|0|0|0|0|0|0|0|0|0|0|0|0
USPS|PRIORITY_MAIL|BAG|592|21.1|21.1|25.62|33.36|42.9|53.31|63.13|76.42|179.8|0|0|0|0|0|0|0|0|0|0|0|0|0|0|0
USPS|PRIORITY_MAIL|BAG|608|21.28|21.28|26.24|33.79|43.75|54.81|63.85|77.64|182.59|0|0|0|0|0|0|0|0|0|0|0|0|0|0|0
USPS|PRIORITY_MAIL|BAG|624|21.5|21.5|26.85|34.18|44.65|56.09|65.54|78.84|185.34|0|0|0|0|0|0|0|0|0|0|0|0|0|0|0
USPS|PRIORITY_MAIL|BAG|640|21.73|21.73|27.42|34.61|45.6|57|67|79.91|187.78|0|0|0|0|0|0|0|0|0|0|0|0|0|0|0
USPS|PRIORITY_MAIL|BAG|656|21.97|21.97|27.88|34.98|46|57.96|68.43|81.08|191.89|0|0|0|0|0|0|0|0|0|0|0|0|0|0|0
USPS|PRIORITY_MAIL|BAG|672|22.12|22.12|28.07|35.3|46.77|58.97|69.37|82.17|194.44|0|0|0|0|0|0|0|0|0|0|0|0|0|0|0
USPS|PRIORITY_MAIL|BAG|688|22.37|22.37|28.29|35.61|47.54|60.38|70.23|83.24|196.86|0|0|0|0|0|0|0|0|0|0|0|0|0|0|0
USPS|PRIORITY_MAIL|BAG|704|22.53|22.53|28.5|35.92|48.31|61.35|71.05|84.16|199.08|0|0|0|0|0|0|0|0|0|0|0|0|0|0|0
USPS|PRIORITY_MAIL|BAG|720|22.67|22.67|28.7|36.23|49.08|62.03|71.83|85.23|201.53|0|0|0|0|0|0|0|0|0|0|0|0|0|0|0
USPS|PRIORITY_MAIL|BAG|736|22.88|22.88|28.9|36.54|49.86|62.72|72.61|86.25|203.86|0|0|0|0|0|0|0|0|0|0|0|0|0|0|0
USPS|PRIORITY_MAIL|BAG|752|23.04|23.04|29.11|36.85|50.63|63.38|73.44|87.21|206.09|0|0|0|0|0|0|0|0|0|0|0|0|0|0|0
USPS|PRIORITY_MAIL|BAG|768|23.23|23.23|29.32|37.15|51.39|64.19|74.13|88.15|208.28|0|0|0|0|0|0|0|0|0|0|0|0|0|0|0
USPS|PRIORITY_MAIL|BAG|784|23.42|23.42|29.52|37.47|52.18|65.07|74.91|89.04|210.26|0|0|0|0|0|0|0|0|0|0|0|0|0|0|0
USPS|PRIORITY_MAIL|BAG|800|23.51|23.51|29.72|37.78|52.93|65.97|75.86|89.97|212.46|0|0|0|0|0|0|0|0|0|0|0|0|0|0|0
USPS|PRIORITY_MAIL|BAG|816|34.31|34.31|42.4|53.29|76.81|93.07|106.33|124.58|216.06|0|0|0|0|0|0|0|0|0|0|0|0|0|0|0
USPS|PRIORITY_MAIL|BAG|832|34.78|34.78|42.68|53.71|77.32|93.92|107.86|126|218.53|0|0|0|0|0|0|0|0|0|0|0|0|0|0|0
USPS|PRIORITY_MAIL|BAG|848|35.38|35.38|42.94|54.13|77.91|94.67|109.54|127.54|221.26|0|0|0|0|0|0|0|0|0|0|0|0|0|0|0
USPS|PRIORITY_MAIL|BAG|864|35.86|35.86|43.23|54.54|78.54|95.31|111.04|129.26|224.29|0|0|0|0|0|0|0|0|0|0|0|0|0|0|0
USPS|PRIORITY_MAIL|BAG|880|36.38|36.38|43.49|54.96|79|96.06|112.72|130.93|227.24|0|0|0|0|0|0|0|0|0|0|0|0|0|0|0
USPS|PRIORITY_MAIL|BAG|896|36.85|36.85|43.77|55.38|79.56|96.66|114.24|132.22|229.54|0|0|0|0|0|0|0|0|0|0|0|0|0|0|0
USPS|PRIORITY_MAIL|BAG|912|37.39|37.39|44.04|55.8|80|97.36|115.9|133.34|231.55|0|0|0|0|0|0|0|0|0|0|0|0|0|0|0
USPS|PRIORITY_MAIL|BAG|928|37.92|37.92|44.31|56.21|80.48|97.91|117.37|134.4|233.38|0|0|0|0|0|0|0|0|0|0|0|0|0|0|0
USPS|PRIORITY_MAIL|BAG|944|38.43|38.43|44.59|56.62|80.94|98.43|118.14|135.35|235.09|0|0|0|0|0|0|0|0|0|0|0|0|0|0|0
USPS|PRIORITY_MAIL|BAG|960|38.88|38.88|44.86|57.03|81.36|98.9|118.8|136.29|236.7|0|0|0|0|0|0|0|0|0|0|0|0|0|0|0
USPS|PRIORITY_MAIL|BAG|976|39.47|39.47|45.12|57.45|81.74|99.42|119.46|138.05|239.85|0|0|0|0|0|0|0|0|0|0|0|0|0|0|0
USPS|PRIORITY_MAIL|BAG|992|39.92|39.92|45.4|57.86|82.08|99.86|119.96|140.17|243.55|0|0|0|0|0|0|0|0|0|0|0|0|0|0|0
USPS|PRIORITY_MAIL|BAG|1008|40.6|40.6|45.68|58.29|82.49|100.4|120.51|142.34|247.38|0|0|0|0|0|0|0|0|0|0|0|0|0|0|0
USPS|PRIORITY_MAIL|BAG|1024|40.93|40.93|45.94|58.7|82.83|100.83|121.04|144.44|251.11|0|0|0|0|0|0|0|0|0|0|0|0|0|0|0
USPS|PRIORITY_MAIL|BAG|1040|41.49|41.49|46.22|59.13|83.07|101.11|121.62|146.61|254.96|0|0|0|0|0|0|0|0|0|0|0|0|0|0|0
USPS|PRIORITY_MAIL|BAG|1056|42|42|46.5|59.53|83.42|101.59|121.97|148.67|258.59|0|0|0|0|0|0|0|0|0|0|0|0|0|0|0
USPS|PRIORITY_MAIL|BAG|1072|42.59|42.59|46.77|60.5|83.7|101.9|122.44|150.59|261.93|0|0|0|0|0|0|0|0|0|0|0|0|0|0|0
USPS|PRIORITY_MAIL|BAG|1088|43.06|43.06|47.04|61.23|83.92|103.12|123.05|152.13|264.65|0|0|0|0|0|0|0|0|0|0|0|0|0|0|0
USPS|PRIORITY_MAIL|BAG|1104|43.61|43.61|47.32|61.98|84.15|104.3|123.6|153.68|267.43|0|0|0|0|0|0|0|0|0|0|0|0|0|0|0
USPS|PRIORITY_MAIL|BAG|1120|44.04|44.04|47.59|62.92|84.4|105.5|124.03|155.28|270.24|0|0|0|0|0|0|0|0|0|0|0|0|0|0|0
USPS|PRIORITY_MAIL|PALLET|32000|79.26|79.26|109.34|139.44|226.15|0|0|0|0|0|0|0|0|0|0|0|0|0|0|0|0|0|0|0
